550694508683
560745530768
559715218105
560420846024
559567500711
558828303538
553219341436
560394982127
559714766709
560678297423
560572536621
559567648538
522093938722
560159450717
558464511905
560462183098
526942874114
556588833700
45512152277
560573780691
560666117069
540064149173
559658125170
559567244958
543853198254
542380452245
558093439319
35355352608
559783623361
556734736073
556979649839
559196507479
557660617048
559658637512
559567680589
559567444858
559658637512
559567680589
559567444858
558761429857
559567912344
560572492666
559657893519
543064990941
559714610968
559783379747
557065340356
557255003988
557153533148
557065016623
559714946579
557197154670
560118639896
560394494767
556890310571
559567424897
560333985608
557666299000
559132178014
558350449086
559567892437
560461923534
552095553210
560799799446
540795882845
41078426085
549060486211
537347802199
560812675618
40308817197
559416469988
560666093193
559657597952
559657905662
558621756910
545362326066
559658433097
560746246812
559714734991
560665625632
560746246812
559714734991
560665625632
550585208798
559568012388
556635646411
559538804670
558350357811
559783383874
554144779164
560812687653
559783819388
560665821403
559567520920
559658001577
556693575241
559714750861
520181871373
545435087000
553012701714
560036326996
534405663180
536484040109
43232330762
560809199792
556590549628
557574828693
560572900150
528115227513
528875344685
559715710043
528885461413
557531836383
540931970195
560395290522
560572080958
559657829952
553505477778
521943230016
559658421311
560800011278
557067461683
560746742425
559783771607
557067461683
560746742425
559783771607
559568408180
538173773922
558114459508
559714954917
560653515001
559657945822
557949528276
560799711622
553992256295
559784339028
550696324602
559783563815
550819709367
560679153549
560732702755
559715066789
560746342942
557724935287
44485401396
559656465886
560579596899
540823715717
560657665943
559658353482
559657885997
559659561092
560572548708
557664521749
559715262710
545891933526
554710895909
533731463065
37755297887
546126873283
560666213008
555014126961
556244610557
559568284502
559785003430
554145575694
560807219232
559785003430
554145575694
560807219232
557229228091
560572816320
560679309771
559658385545
560573036028
559540247808
560747398100
560732806684
560580044230
542679390294
543052626542
560799623975
544927636072
560572392915
559132618566
560350698648
560321821789
560586784147
560739994975
560572344722
559266963122
560679545627
558116855812
560799843644
560586240812
559288072461
560789259322
559784395436
560665781728
560740874099
560586884298
559417989007
560395830730
39539705344
557965790824
549713529319
560800195090
559717058343
538218882615
560451058518
560665689598
538218882615
560451058518
560665689598
551409927303
560732846685
560304134619
560747766386
533825781747
560428168469
560733458151
553994664400
542029960070
537427680095
558926236503
536131089492
560052810486
557944334804
557426439980
560799647674
533819464281
542060871576
557869636006
560572900224
550773159072
18976902781
555403526665
560052846758
557426847437
560673345320
560572440598
560572956258
557665625889
560814711109
560586916743
557578996623
560572920311
559198227221
560579484914
553587563483
559078557301
557369046060
520578000498
558711973464
560052830961
520578000498
558711973464
560052830961
559327088340
558713169517
560807115362
560748538020
520110334576
559133766222
560587452304
559133750275
553442500105
560463859386
560799599742
543375601639
559901852157
559785887501
530299090085
560666077373
559541323697
540532267089
560733010577
530344540211
559078913352
559198359786
558766554638
559717474833
560680337815
559078697742
560573060148
557531520523
560586986240
560573088112
558466499749
560665737697
559476118673
560242756233
560242432717
560396798857
559326976916
560194708445
559542055110
560588060072
560733282500
559542055110
560588060072
560733282500
560680941583
559476290488
557617777753
559901908546
41523019073
560799823875
560585056119
558404038349
559570776213
560573128058
547073015710
556897596957
559418389855
560732950713
559476534327
557715234231
559198803706
559541979343
559542067322
560733354334
559198811732
560053846727
560807355084
558988028917
560572640502
558988196773
559993725922
560572932266
546599997256
559199103323
560740870120
559134350529
559571124118
559199007750
560397570212
560655561189
559902324808
559994257802
558352745538
558988468451
558352893311
558352745538
558988468451
558352893311
558353178176
558404622062
559199103718
560681473399
35100912894
560336409319
557580992556
560815119871
559540119727
560122199626
560428468014
560749494071
560815639691
559199279643
559661353504
560572492940
560593821053
560499732342
559079689681
560749594080
559079989056
560588056235
559199327766
560755831466
557869280600
559718234624
560289329728
560800303219
560815907607
559661237650
557715886613
560665545842
557667365956
560665465930
559718774165
559718202796
560415059398
560799791977
560464975451
559327828720
557775211367
560464975451
559327828720
557775211367
559571500254
560800463045
560681585731
560681889406
559184452671
559787051500
542031712715
559419261617
560749610506
557325161747
558989012777
559542679438
526330570798
560807271187
560682201260
560749722357
557666262598
558831959516
553998052873
559798960537
560806899660
560123299629
560428340199
560681801752
558468563354
560681949824
559199867769
560336697682
560588780728
559571464592
560589024327
560123599558
559477082903
560682345428
560749566716
560589104441
552543134754
557775819428
560588476981
544925934488
560588876744
560588476981
544925934488
560588876744
560816735059
558405362780
560398046665
559718934376
557668621162
560398078644
560673105660
557371682059
554151699708
550221498557
560750126512
557775975858
560580248070
558768994174
559312572535
560733430494
560655713121
560124399517
543349944003
559787627498
560579960354
559328396975
560733182596
558008945145
559419689891
560816615670
560521541569
560750306474
560589008888
560750358301
559420413178
560787207975
560740970038
556348979382
560817015592
560161672073
560590012035
535852064102
560683193333
560673233555
559719834191
560683193333
560673233555
559719834191
560398906791
558715933846
559329012844
559081185853
558833359333
557669281820
559338717779
544696090292
560587014285
560817099921
559200815903
560057078683
558990576601
560750418798
560579940371
555712508997
559719694696
560683457494
560006492946
558990780575
560817551422
560466695260
560683397570
560683765263
560622761889
560683521503
559434024818
560740070965
560817459614
559997253879
560683425655
559662973415
560818011130
560673141567
559720014584
560653335331
543352160638
559397030652
559997477841
557921192386
560580092203
559997477841
557921192386
560580092203
560590664244
559478318702
560126051058
558355573392
560807287232
558272833652
560817447900
559478482735
558184584043
560126107129
560672889993
559478862300
560817951627
559338701819
559539547343
560807131432
560818375195
559720122840
560428428123
559329736968
556902746587
560350398894
560740894109
556902542889
560806871684
557030122802
560684317725
560126467299
560058338737
560673141576
559906448978
45522039007
560587206036
560684637337
560058414659
559906908548
560807099446
559906892624
560058390731
560591020786
560580196120
560058390731
560591020786
560580196120
560818211916
560468003045
559397174497
559907180429
560579836738
560591508281
559202447710
559545083369
560289477763
558123091690
559397230355
560752022719
557662858768
560818735598
560806771998
560653467179
560126487837
560806975605
556599109289
559907556099
555267068039
560685117345
559545403220
558771642764
559247984155
559721098740
558060690606
560521681638
558992164978
558718557845
560752502411
520681087233
559138258447
559083621262
556962031913
560591536987
560752466814
560807131454
559325260264
557665714569
560214940022
559325260264
557665714569
560214940022
560819359524
557700206984
560591964547
560428388248
560126963995
559460911727
559999701173
560059586361
557724631880
556600125651
556519964611
557923308375
556519960848
560303817629
559460819829
560246932073
556731616429
560685445597
556984713882
527825518665
560667193385
560467939850
560401470382
557618141807
558836355041
560468595517
556426632506
560286625646
556607511955
560059358988
560522145060
556551050246
557663166645
558429367850
560753454043
537598603466
18329030640
559664749383
559790355424
524295041475
560685933378
559790355424
524295041475
560685933378
555849387583
559790267550
559247888367
558719629539
559574768211
558012573657
560000157228
559722078282
560685917632
558124351769
560752878877
560753342296
560114416640
558061554879
558061530944
560820083491
560468875356
556506049070
560592928202
558012881452
557923856332
560521701495
557923792539
558993448083
557923884347
560314086215
559461435034
556697127509
556506205783
560753394717
559105799088
546411380507
558261862747
556131084437
560593212235
551209295924
553351931304
560753662457
557618157403
560060598012
560819959861
557618157403
560060598012
560819959861
560753894132
560397594225
557617861042
560754050010
560820663258
560593112358
544245585907
560587106201
559481150033
560820851136
560680525664
560592864935
560674151023
560674427291
560675759608
553351587457
559084693223
560686597346
560060470413
560686029861
557973896805
535689037922
560340845361
559460935745
560401730828
556157466517
560468675936
556211709044
560401930721
560469559037
560686805284
560469227672
560469191777
560115299504
560000657511
560681977071
560753834579
560593628277
560593672209
550149120850
560402142688
560593672209
550149120850
560402142688
560427896868
560754570013
560754410171
560593716186
560753894839
560686989423
557747410979
560704062309
558577549575
560543724586
560821219326
560687357033
559711814637
560681853270
560686833936
560340729710
560703230204
560331777113
556903932710
560718898068
560768659829
560777147639
560686977743
560821167528
560593308737
559595281725
560593600472
45720614652
560687221412
557605729607
560641373548
559536131812
560754542223
13759986739
560754678160
560381842518
560785603401
558142382289
560821495115
560593308797
560820903742
560821495115
560593308797
560820903742
560820947696
560754062621
560753926847
560687045477
560801267011
560821307342
557754991443
560754622194
43500812835
525782878109
557605533832
560821515294
560556015547
560248240020
560687661055
560818327598
559588945588
559423945735
560722430689
560754498395
12296713979
548216789861
560821007783
556502497060
560061154507
560588492812
560821319746
560593800819
560286565756
560687285694
559087613890
559299298637
540552979711
560754610692
559575352891
560341541246
560644449653
559204787583
559143148771
560248336107
559665853510
559143148771
560248336107
559665853510
558994676031
557806776385
559576024127
560248448019
559368743065
559547147671
559511827646
560128863959
558124523599
559097716141
560050174102
559339249207
560821459851
560754090935
537057973614
536257161725
38829955479
543502341431
552044323726
560687113806
45586696253
558632292686
560821307718
560821711459
560755082209
552591023722
560049958535
560594324295
560754466794
560687353999
560594080566
552453548675
535463067695
560822083051
559326028461
560688089048
560687713710
559540827002
559326260022
553438806157
560687829460
559326260022
553438806157
560687829460
560687789363
560755310037
549081192988
559886828098
556559597660
559417697412
559568476694
559898032775
541253259202
560029726263
560688269083
560594288811
560822111287
560687773499
560687781448
560821803701
529254902903
528884519549
558957444626
553431442081
42896864557
558411450891
560688005322
542663582398
39777345805
560594568338
560594948002
560688389049
560594740381
560594308600
559723370820
560594616539
560594640511
559576396313
560594616515
559397562148
560688401087
560687885550
540963620056
559576348305
559910476111
540963620056
559576348305
559910476111
559724070025
560688337264
13501934093
557617777891
38368760392
40054827953
559724130003
552300484595
560594564467
559575932783
39225146219
13588495486
560062254075
45828642388
559575756979
560594576682
556290692375
556468087369
556467731385
556414470556
556414510116
556414506391
556290232610
556414458238
556467235895
556367757956
556368105098
556467323388
560687953548
559575792938
556905200554
9657798088
559547747786
542061020055
560449277178
532662108697
556314506297
556190600906
556269025990
556313862983
556314046587
556269025990
556313862983
556314046587
556190700048
556313878896
556313918870
556269141251
556190052775
560463743717
551179428377
560594768439
558995080677
523926185083
530709499033
550585258778
547704715032
556604161576
557354114915
560129499834
558111995035
538317122889
556707099635
557411799631
548729548844
556479076433
554551007936
44498066123
552959424141
552361537076
556559229115
560688413602
560594964527
559205855447
559397254487
559910148824
552299844657
556479172302
552299780005
560755406513
540567233796
537933783821
560449903515
560822519362
560595356069
560449903515
560822519362
560595356069
556905436746
559194011199
557983724121
557984592403
558069933714
558069821972
45650663708
558995376584
560822595366
552689911946
559910912117
560822723175
560822183951
528176227272
558849637875
560822751189
559086573466
553180626742
555162614892
559561248203
559792007950
524774495987
42446393861
559339365161
22047607404
559046737825
536261966528
559086789113
536347619187
549239995865
557838668030
555925748553
556604054595
560595272568
541707638130
556559641024
552299648683
556774792977
560688429633
560655689381
560062174850
560688429633
560655689381
560062174850
541089695638
553105063282
533946700185
559209435586
560243492125
521270026498
560521376246
560614101009
39196242492
557382526444
559667433004
560594580989
559461311237
557375618699
540137467427
558412798022
556559413812
536734438269
557516197536
554085986959
556559413886
560403730984
558765686612
560755934539
560756078347
541697634637
556990769763
560822479950
557214132643
557214332705
557214576534
557302417726
557302301912
557302565755
557302565930
557302909205
557302849640
557303037775
557303001015
557346314621
557346422088