122986375
119081981
161290993
132034446
96780266
123136892
158405674
132051780
76289163
93181974
122024016
119147068
137690948
172192950
95964332
127504554
34998245
69522798
117385114
39561946
127498104
139148917
122188505
43746984
30529756
93599398
86574860
14311824
108974170
119169666
142356228
138987072
108800998
76194765
140118107
139886230
86599108
128232544
26239398
60061334
95397643
43263784
43293305
122853194
132614330
141893791
152391036
81572117
139188206
151569210
101632509
138405665
80042900
147322211
141842060
127704728
116160876
135963679
104596287
158858837
127565969
114456322
141878897
128393766
141422842
28298985
149335937
123018208
118636187
108780829
36295696
133867252
69787340
122955701
78280495
68653293
155299554
141552824
137665034
141902352
56249304
107477727
139142756
140403775
43295336
141383154
151494935
104569022
159047780
142220312
43060916
141893848
108890237
142015383
134470951
108045072
146912140
135945839
132473558
130933098
126834336
146780106
141553088
122796284
34275809
173807835
141361131
132316076
166523057
69484963
148703608
142216906
39751292
108820862
27205735
141534843
141791467
77017351
146349439
141589002
150349578
117644973
92531848
68647285
142477029
127912761
121919899
155093875
80333844
116587867
57764552
100294951
140877734
132936930
141706932
158206111
95429558
28623329
166719011
81562486
14306059
73760795
122105269
37324035
66483419
122511888
55976177
76642008
135831560
69919246
29629847
155072376
164190631
135026609
43255064
26201777
155504812
131028040
102492280
160493843
116320963
38336770
123514422
85534660
141503104
151436992
140608463
73642845
30772611
127708954
43243323
43807528
34372927
161399790
50548980
43347263
142316764
121290817
83231174
172669986
154751432
139403940
141695395
82589469
27215735
134619991
106739273
40558153
161036239
152011260
151467046
150212625
141995576
133930353
31608679
142760783
141360841
132248319
122967507
77155521
56844995
41109136
34367221
128188073
77074721
15580767
36255379
26239625
158938623
150935261
122095456
111541738
81123228
78778782
92288761
154040182
151425994
148044058
141913489
142478174
110586366
104092196
88849397
13515786
172075386
171714254
131813125
121775671
98458435
19411864
71429091
70921783
38047802
34276817
114517749
31663412
99724499
142105520
101397981
31135138
150099051
145566141
77196251
76946379
60061773
75835897
50874554
65992754
46811419
36486238
31623118
162194847
157709139
148439935
154304769
140326825
133848245
120718833
107832048
68311818
87014853
80622888
13514773
47687124
150023015
140964504
140425246
149172356
139156276
134026993
132481704
111500513
103220999
97535371
28392116
94733198
79442945
76368797
69748896
37486479
100974273
25338748
146518466
142640054
141466387
142298151
140034451
134395728
151568157
124738102
115914843
20943708
93549694
69542246
43246496
34415338
65016347
26350166
26209769
177881069
142693706
143678348
131549917
128010732
101167500
87047108
73421847
69062714
15583975
40623387
85011252
75815328
26464607
166622109
142251549
164923767
141842123
141415047
142637101
140559820
141758685
108850893
139123845
139084166
155068304
94515959
84061846
85198013
18080841
25866763
38517501
24118727
18795396
65083289
33708408
46472229
64686627
114921216
25809500
131175578
105907718
95230106
135017057
66989594
75348073
134538192
22559608
27734285
138293395
79583353
65576406
33845190
20548296
63055080
111459571
53363190
14452284
73428260
37651256
64105908
90201148
48043024
42240748
13183444
25831760
30314415
53224458
85500530
39798406
46734584
94019066
33709258
120578613
59975534
22646240
152988008
148874177
59142596
41978746
69865537
34069517
105560887
48940748
122601720
139461060
166246452
122046439
139962780
29922392
65451936
158137819
59801695
33881988
54184582
35096293
44059436
19079389
67009310
138413260
22580941
51413963
18823463
60580843
80871133
12282718
67112839
165542396
167412177
33744826
117709482
17309580
32070721
22863837
170508939
16317699
82165352
23366093
54525076
72078499
13667844
167219653
22310364
68281608
29042016
58814014
17568669
71349128
153067606
18828750
26254204
67939194
24142116
14262545
81958421
26331835
57636731
157935602
40320003
27026816
62472382
34370142
23155871
69073911
153337460
22403806
121886703
161858582
59916127
58748707
67492825
41962759
152561235
15555469
87586836
39164203
48028242
28891972
13842136
110843844
34757583
26143197
133609307
94835928
76382464
67142667
102586758
113119458
127460847
42386358
12400568
48475661
24934886
67944671
96565948
115339772
33712286
100880713
155564092
128693274
46642601
17879438
127759111
54302295
49091505
36642905
29895030
25812090
51398876
114945204
151428157
169553821
155004437
66891013
60314504
21522647
63206124
35169936
47973182
86025876
105397087
32224443
65720416
40927975
22852449
118635805
37777232
111687225
18179856
155497788
46451842
21143244
88084026
59500393
25415028
13204997
49477469
25378849
24337521
23103177
172532417
151664687
35895084
14639446
24696910
27693173
122465846
57598358
98135766
107347838
36532536
132526576
12362996
18796625
33843093
80725407
43890435
151761128
99285674
153116262
148956556
23111335
157971324
69465970
53412727
166979858
128423212
87591096
42540134
126018723
48795659
29226824
28794866
25414155
69007113
88204802
14199596
119103257
37771578
28952391
96939122
57374742
54552277
54575191
67285483
74148303
57676173
53277868
60304493
23339807
135089638
44053423
24088661
24960288
170715481
25325631
18828340
128478710
19396791
65667786
70740083
155439850
87593467
15107677
14401368
86979540
127230269
69796084
67911060
158141742
18896090
72067522
67931953
100043031
40359167
155549935
133007836
13165438
30336253
13087431
17396744
25893276
25264850
44678835
60362618
42557384
37427547
14417912
140372044
161087261
73968611
15982846
38647022
14668239
21420422
86783636
37130960
75706012
27772748
140517735
60732484
34873491
24713131
142392557
127657187
152427183
133677452
45232651
81292831
70534609
54554140
141394845
14322171
153126985
133016760
21088311
84445956
41933525
37337026
38230277
31647322
31600799
106976649
19025075
53291943
42077776
78180310
71552414
42211648
154307740
149339740
76814910
58756159
17839923
44919073
19694956
84607928
127965727
46079134
40696545
90266400
75057019
17684826
112213331
72195330
62888562
54239953
52814837
117203852
13892849
28865218
25676166
24078380
135247825
115522138
86647017
72006410
60360967
17856461
88027193
43132553
72373555
36617567
173851707
127771609
131250456
76744552
83155215
66489517
44416454
166077035
168128348
161473323
150430578
14272640
13228303
100290306
80320643
18964570
138025986
13381815
148749781
96985923
70645762
18771167
82785799
24574611
52433308
38487244
123919779
13284714
87279667
83611375
53319891
147731341
29226656
139830742
13205828
102435498
17933594
30631324
35896959
14655121
84619756
81843264
154501012
78188710
18509179
99206837
149099279
105082127
76871117
66461123
50866837
38253409
14633300
27600691
26972026
25697288
178943471
23318457
24632305
128413967
127572480
157230966
93530608
25203533
72128260
24076478
125674747
42322241
35328765
14931480
58332785
25354609
155240929
152470849
160729026
59502857
59118354
60426119
156529762
16270586
69249545
99677591
48273619
175326225
28680357
23199490
123267647
146134503
125424807
108024675
110897000
79497947
76275159
108624746
64881183
125755208
16297583
34860368
180022229
154613012
154658778
134913576
114865103
18902909
43464186
93328699
63232521
151816726
23001187
96198866
19393196
95289261
18122282
20714703
54038861
50812583
49726834
34265745
14107441
13211908
14052083
30043317
13891519
13445219
22886738
21870482
18639809
67365190
68841894
54430458
107347017
33938984
109598639
129737688
27536730
27482090
24207436
22886510
111738515
107328652
95772549
18898991
87239204
82796826
127544528
69766096
49369247
49324233
38685781
69177495
39288514
30405835
24436658
24088249
37232039
13232459
122209480
114950740
110651061
96180457
87896278
76070920
85644428
54471670
49983351
45227919
14920068
34511393
128502421
25869957
161652139
158078763
154660120
154965545
177614214
28678247
23768270
104904593
18828801
82947855
155643501
18041650
69042948
16216304
123556215
37981887
14657037
36925133
24364899
27113982
157168796
179431373
23704085
133865003
119084386
151534249
107424920
20114041
82647176
18797566
73238244
52429586
58233857
16705999
34801417
34579921
41561299
166560241
148043829
13326975
128879580
123626417
13148669
107714660
152921451
49064867
87319852
76508829
75423276
91457112
17057476
57198839
91646394
45020879
44402669
42675039
36335283
33291457
13819763
60516029
160233380
144644950
13817451
121066587
33139739
89390986
43715346
15090306
38195312
88168302
30156394
32561573
25358846
13442269
134881480
133498055
118508643
115578554
114924105
22594014
22505395
90571110
85965310
18386094
68211872
53146366
109893054
47213279
44459698
37798455
134274425
149921645
122818581
121960481
24997022
110838495
110163998
107346849
82361840
104032031
63058838
57048102
52367883
38738132
35647529
34732753
32197433
32062292
28378124
72179722
26976439
24639823
23631103
141190910
23534832
13239599
54096037
13218873
122103397
114820771
111320965
19855520
91865992
81637792
70328352
62887001
157167990
65302099
56272691
53107818
51306590
44624658
41667572
33140161
39304499
30104612
13782393
24928366
26603448
32978529
25373669
14799814
22425942
111526644
20529155
23086419
139267062
78036784
76188173
155517062
47989971
59473739
60077096
13478065
49192098
49129431
44709598
41775391
37960092
166999178
12399021
65099138
30101479
30052667
13883807
24303345
166922141
134987919
134679686
133626460
110109753
107209660
104171884
39300003
90227027
44302897
18097959
73645701
113143525
67161578
92433674
19157238
59173496
57689941
57830409
62693110
50178599
48644895
47592367
46068832
49183815
44290228
39703906
41227562
35561911
71650240
27766371
13755564
25745121
157971692
157025829
153000960
152809730
152793277
142444917
135845776
70874843
127373051
126657349
127867850
111471726
106017253
87705237
18866246
74852150
146961500
73208232
17924486
69865095
108509654
59786856
12727181
57681617
103045952
102902513
16381865
61540950
51114301
19649952
50124980
63939865
15403217
15379998
41771336
40936428
116011409
14588590
35324588
47208764
13892438
28576857
27391412
148412740
94303861
162911783
149290436
13304191
138514310
24143875
13206644
123976402
29621363
121765243
119118646
110795488
111507681
106502113
36971788
97418972
88137583
144804715
18836202
17977645
71695902
68757992
103387608
65982880
16920072
16900908
55092039
16048027
69772233
51656817
51647602
52781735
69177544
57236841
45250466
19618151
40319341
132444848
33189043
30481837
30270083
28572139
28273390
36940553
177973596
43610659
167529900
30214165
156069129
23655650
122716703
122256935
120000867
21701816
113953388
104497806
84658869
81837566
78588563
74094123
80020254
71656915
71357798
70731635
62558663
62038728
169236215
108104633
49818179
82398276
45656215
44419099
43876835
44111704
50006399
124854497
57550909
34203581
32166088
113478742
17696203
13978852
27515150
26206089
154632113
23622459
13302646
132943478
22950194
13268132
154408392
13205208
21614562
13125140
110281314
21079470
105962153
13094851
170058933
127093561
19308026
97921813
94599905
32930667
86721371
85362917
83652606
82726903
120139766
18047266
75520362
138939089
17759334
115215442
64434484
64412874
66172577
59509402
58379027
170594494
54637373
16197218
46036552
77416870
43664385
42496800
41935302
117985503
40458147
35853734
36952901
49574016
33802635
124938831
14605750
13830204
45743521
64451970
34932972
13611412
25191232
167253148
166256403
168005399
159917625
151732994
144003793
136168773
13256157
22927503
42885544
130670626
13208519
23636171
122544634
22228739
121068527
115319059
104145907
123824863
100967359
96845125
94320259
89262759
93796771
88048603
88123934
18449206
86548091
77968489
76295847
73827730
78231540
69833334
67993112
68340763
67839191
67021508
112046802
65868288
64972386
64948477
61498414
61199194
60715859
59710990
59492160
59351630
59391009
58259264
57277954
69177431
53567793
52862021
52537082
52318494
52331960
49546921
48868770
70562467
61396615
88528318
46040933
45066379
44446916
15411161
41508526
41086846
69177288
15012202
38591929
37539081
36325921
14616687
23344275
34089857
33619842
26339963
17432819
12378126
13830348
72960191
95139522
125896383
106009210
55548514
106587073
66233503
108589110
51024191
66218875
125763656
38053081
140050894
118207825
87760068
54904307
140145935
96331114
50835935
105514907
103375790
113081738
114038549
77181238
62946234
149605404
114046061
104351831
62990287
146325711
30888461
87677720
149163749
104276782
129209540
26865013
36429105
89967936
90969591
91031284
83710665
126821822
131995239
175796135
33561657
33438846
90054581
153213375
61272228
90118097
44109092
90260297
89994225
83729075
53910077
92404206
58643286
134564100
137394539
86273196
50176654
84411083
41408483
81937823
90066752
59803163
98206130
89931880
82582246
126717678
151505274
49084558
150845355
20084186
90492512
164428998
127888709
174310709
158293083
19541558
95077021
129108774
125393050
34631808
90161322
22465357
90150380
90487422
128052931
90818565
175460491
133215445
80242005
149851866
173336895
90132332
56330768
131573702
174628162
89853077
172305599
22120516
51515231
19809734
29427405
96978182
124190709
81026163
126023304
32850703
41515705
132441894
113171109
28440943
174534776
99103730
131421690
174940953
17982420
45794666
147148105
79515289
149549752
25702970
67723117
61957752
128881262
134809085
106563622
64372216
127275029
133665664
146468845
95885043
123150582
106631474
110041110
90147346
55496955
158530122
122953173
71137399
34169968
35507744
94816420
118234688
102230970
120067139
127374415
127637712
69462615
70481601
97571462
153098076
106237592
148271405
141256460
131175266
23105951
163667461
64848504
57099900
85238569
154974436
33057967
14636244
39350629
128726738
143710086
137487142
163537353
122866726
121407287
70135502
119784535
142689844
99226587
106063466
67009652
152992120
123392610
175246413
92284829
113256879
149475410
91739943
36701217
21227906
76237247
69892403
127365054
93421874
143013203
152022118
130693222
81067392
131549282
86960747
99213350
43513202
114305326
78768240
137427686
97885195
137889542
50133355
113542871
97476018
110298391
78806029
99405271
153385176
157149692
106988408
19081322
162145071
83750672
25186207
24710071
90021147
133717119
29430784
47623537
51411806
41653367
33275982
152846351
145404190
114305935
91819695
106702987
86555582
125043667
109611087
90785651
51885541
44297845
151282052
156025576
25028661
131688073
161517810
77799406
69124544
123290631
148676167
51997378
32159644
21501671
78705040
128134107
127957057
41625214
130014762
105829713
143266686
104390007
23223650
19331979
98658997
134352769
159650943
146615099
144776681
109220955
21179548
43488153
166581917
138731983
144542936
90116711
117246987
52065846
32739132
155743699
71981523
21036590
52702679
29682806
110165221
76828824
67997236
106024559
95462881
58657988
143971704
46736848
109927781
94646180
88551353
23902715
86362433
109769563
24300412
51989272
158897410
90168952
126134525
47101367
26848170
119957051
138220197
124158796
102006682
123545914
48194879
42292804
21361681
76442595
168148072
137902676
71824192
103006793
165316150
134640706
49726951
127120264
53431740
34048357
176260785
30414965
149309427
101494842
24056702
73168061
49703337
81313087
127719605
44277078
71911600
131246852
35151681
154570691
141109270
36607524
137963791
131875435
151983438
88748545
152979840
22970128
115734191
66872781
16584249
47158264
80611482
127472322
60647393
22195929
37455091
130508707
74125553
140177107
139060260
104326214
80931791
70426653
91113816
142469657
124274741
37489058
69348950
72876282
138716362
61161314
61059440
115429519
84704854
108777563
20293255
151325951
92683898
90571867
65248693
112018377
69322276
39443357
148052740
58958808
111895663
74187736
89475314
96409506
150058292
71549036
26952728
55668695
133652403
90052672
90246673
150522307
167392763
148934031
132605800
46894489
146351918
84304301
77867250
148954466
33454647
105675081
69843735
141606064
35576344
131690870
52642714
83983863
12913317
42877836
51539415
137718877
131591887
165810808
137621580
92251290
88558989
142413843
153024335
37908506
151754722
120266511
55664663
104054873
93740998
149442359
39132183
77047264
61201204
150010023
102865064
55588123
105619854
83688277
66118672
39038229
51700116
97495325
106162086
46163276
38996563
21491597
118705625
31981961
130946285
40753337
124740328
49188284
137707929
126190118
90252108
67193153
58555986
168654529
123363310
71541246
35305174
25100683
91045285
30583439
23569986
65205814
175553725
144958145
120096254
108821748
82276504
63914758
58383978
38276941
73967689
24551306
12273442
94566196
90591642
100770768
153175713
131309578
62368150
20039077
39946690
58821902
30692610
73026156
72744506
19852218
120759325
84442540
172522358
43746223
124913020
136261195
112354887
157012037
155367561
114637266
100935224
134107197
109174021
74384275
140227389
145730854
150384249
18846268
39956368
139584745
116858150
132248676
43247127
111637662
173850439
143014564
138467943
19019910
75076872
70592743
21156998
125610774
44030234
55696189
97689806
41153361
172400852
55178964
154878871
15143584
128904008
19433618
69107164
151430115
53379292
154919858
103835591
48955833
94856989
144367313
54399062
145821679
112997566
29950675
140406406
106144285
87518096
136697354
33425052
166526266
80188672
156852547
91428872
101341863
166056479
40337791
90251033
71982397
160032303
147724949
172583362
143102829
142352787
69681767
32823544
152373037
123272182
41922834
149438152
112935003
76509538
67846002
147184051
121561021
121821785
87841474
83576302
169664087
16294780
18919094
79722038
75158776
67199072
57418519
40577680
156230117
127398067
95587966
53634281
156035181
25991687
53578904
131046490
37884961
37410172
33958453
155275958
125592453
78236303
80330885
145339154
98996512
139169059
35566178
157280972
118247108
102314452
144195614
90515876
100027812
77542555
155224147
124708405
127279857
124107942
153048773
71128677
150209313
180518895
120499954
148348537
171996287
163583947
120040537
92520262
151652939
143592239
138279155
150559768
131582624
153012764
138009580
128052575
83757856
132582817
72532141
30762001
141795526
52649382
140147578
44815488
149427631
88088450
58620470
46766149
156493431
137631979
123965490
35529470
139256237
157676606
53145086
141629873
152711038
155228947
79392998
121109620
48935901
105743607
74787914
135675629
76252909
130441121
35306184
123230350
172951758
167704376
115315064
126899943
43922583
174198192
158082770
25143481
67535840
66696570
27191954
25589858
153712813
98140847
58810196
52062023
132519070
34833895
169632293
155360893
25128207
84238772
67792898
41340806
36906606
140677962
164031457
82106953
90551663
135089460
28460824
164405841
138745422
83047289
58515445
55954835
129755396
21297035
83544967
63823067
174536401
179010716
107089909
161090781
66199206
90072741
61760861
57436016
74468226
138870281
20014371
147165501
30265644
80002067
76395233
62215672
36407048
48623150
45459885
126522146
68137000
42110492
33963551
34196133
30234206
12313671
175800728
88455767
76421167
47165184
14230656
149886058
101885661
135006764
138039960
55358719
94478394
32145043
132635868
163706287
136363665
117448674
89543789
142079687
47010422
42853772
41171185
73898568
80007208
54192825
44180349
43512644
158139047
106601516
105754327
119428123
37657952
34469659
137440792
71634545
25490188
37602896
29418425
156539517
132783683
120936714
96482336
69730607
52642481
138894281
180130279
24447402
24397161
93276779
34649594
139585816
81496577
140153203
47837249
174854588
140998859
139280504
121341597
39968937
29371981
155558127
130950694
74516701
66586198
89030361
77448315
42537342
148428497
141699490
88171608
34602798
142354728
136871910
127082415
114100880
77027608
13583361
49832256
165394551
141693088
21804718
112162128
39788444
18874837
147366241
140622988
121339558
90517679
29338527
55391312
121176226
106864787
48144040
41768633
75434778
38969800
173966717
165365913
152480768
129365108
124640033
124409366
81177668
131029607
40449736
90053957
175239362
127982867
64947460
31868340
172030458
164197017
111513229
107564204
154491612
26323766
37357822
36712822
26524937
157163472
114310813
100856816
133542854
143333840
46754483
173874185
174145606
125224363
141565500
133115595
94192637
17229407
158101680
157149340
67043318
127344710
59437526
143431782
177874579
139088427
89652546
90531246
175567346
90597764
90225643
91017981
174396235
176036919
174318426
176067666
109713555
175207753
175822498
139241807
90573732
104976224
175306196
90537025
91107792
90394348
88534869
139004566
90327874
138826882
176968013
90997828
173527435
100050269
173380902
139413944
100064305
33572009
90402658
90212322
139909138
177947881
174217835
173474638
174194142
90556225
90436484
90127905
90102233
90236802
173819486
175224580
139203139
175590240
161787908
176034537
139040444
90396644
173451015
150429543
90103765
134471680
90175840
90561262
139291105
90545508
139136285
90850756
172635882
174780662
90045556
130084999
149611814
101072257
139093953
90936849
89958382
139957603
90218706
93449525
90400347
91484436
91202929
161850993
90045455
90395872
90164734
90107222
178718132
174689200
139430220
139233423
154271180
90109531
109790524
173500520
157321445
139155667
90934556
174677957
90716688
90094320
175468780
150648287
90844697
176166115
174801217
90411454
90851710
157148693
176541085
90396861
90113198
90273570
139606687
90543689
90289593
144492808
94013979
90961401
145389243
93834930
89973766
174778674
92010918
90850246
90093581
175596202
175374448
90022370
92341210
174034202
139756258
89946179
91944861
139177091
90078989
139257456
89931777
121804483
90631355
91013270
90413715
129916577
174386289
90351290
174745590
144016209
173331373
49246507
175286097
89970476
175215224
121728156
139415019
174521285
90469855
175843856
139289032
90104799
140122595
122893597
90074975
177099759
139798187
89811435
176041001
174520496
91077863
90792288
90121095
90597570
89859783
90215558
90970259
90149024
91438474
90255620
117069600
90840612
138486868
174739445
139248766
170540406
124146631
174872568
90374385
91371134
91019992
89960921
90181279
84854653
116899662
90107916
91473291
75264334
175278297
90720844
90400922
115223283
90116247
90122699
139543930
90475858
144247274
139176399
90453878
32893725
90509962
90070429
139029087
108888489
90078955
138596883
90577508
84185419
145217907
91109022
90125403
91440805
90031552
151754364
156314026
139557028
139055153
124019558
90863120
178548656
89965037
110624784
90473443
175915027
174974673
138583162
90899931
156395315
142053649
96104952
90164158
139236029
90597249
90040388
175457046
71479078
174830892
138429856
113237654
93262773
90430118
175385202
152498912
139680481
178957490
91163762
90107467
175160067
145250894
90753586
38085139
175377281
139300173
90174935
90022883
175266087
175242923
93893941
91880368
90389307
172295222
140560839
139267871
90460742
178627412
152878174
121733931
90391524
32967354
175103421
174692930
174364894
89984064
174418947
139185256
139187210
139124050
93448990
139491733
92399971
90393064
175294135
146908913
92370113
91365835
35166896
132572755
90398585
89941755
154538073
154019069
139328136
90373170
38186534
142281472
139335237
90600527
90406296
175497582
174861644
174673919
174513676
153215416
90254061
90032179
84730427
175052560
174490506
138968048
123796546
90403419
140394740
35183561
175252295
174530076
153261038
139428826
35042566
90079688
47723200
30345564
157000071
139314409
101504993
83581071
175353721
139524299
140408670
93320407
89976760
178306201
174835867
117911061
101444006
91833879
90460502
90103912
131061407
90542082
90492980
91725317
90642582
90439866
91164840
90307453
90174562
89979630
175045731
155873694
145217995
142091157
139266855
132088723
90624869
90549372
90534505
71487888
175321465
173738736
173613512
173437038
152576110
139499554
139268456
130236729
132041976
93047868
168330527
92598670
98731729
90621096
90571137
90400871
90343657
90227368
90069488
84477476
175266407
174867374
174482197
173748829
152316015
142636066
142039505
113290850
101184286
93089678
90596058
90585255
90544618
90098630
90242987
179308519
173645742
153026882
152879891
139972861
139537364
132137099
24957963
91263752
90806239
116360067
90213327
175291300
175166353
174989945
174585558
173626854
169501703
142565116
139925638
139556901
113378918
111907442
109776886
106775771
95599480
90875709
90396340
90230552
90054117
89990641
176366300
175459924
175169159
175308727
176156240
174402858
174532283
174308243
164409028
139478752
139285313
133870091
108632078
108167934
110630253
91794437
91410571
90888967
90627489
90537259
90502860
90457482
90395993
93062338
177719783
175152040
175103956
174501738
174451777
173713919
173816878
139441518
139284334
139313724
134062102
108636524
100126683
101646979
145983631
104544097
115107840
104293223
50649411
133918202
13175646
120932546
25503330
20729545
82915018
154100032
12934288
119814118
35479709
115468016
81419097
25951364
64962616
35561636
137527463
56376581
34676639
129163483
154172194
20514129
108274886
18075026
58818942
135045834
130265576
154122954
25247575
19300427
94828205
48991578
51452098
40765329
39455908
13520208
34681565
137724659
49688282
120360603
21008481
98080859
55388956
34939711
108595756
78962601
59026583
60130532
28259259
46786857
13149995
80080203
134741466
64865458
129164496
128738936
18168046
76454857
52508861
81057976
17467023
20722400
58845178
15713288
118899824
22341267
88715096
27282091
23815781
17486166
81753226
26183006
58818585
133105050
28372210
41807674
23742679
122561252
123654281
87634983
19975309
24556905
121576297
34430117
57662963
16810984
12988430
59968415
39117725
38253151
96416305
49876252
50184043
82673140
23413619
130728691
164454291
16826786
162017768
139474043
148988816
65726549
149235266
81684795
169644556
124898736
179181973
129930771
100634086
64993351
144357639
91967937
108726122
26931322
73999432
81798609
50894063
41724398
86111326
72595890
172627063
149686586
134691643
31487231
22954317
104208423
12639467
90322010
92164679
168866935
25331592
110400197
70065306
22738255
38563078
31394653
28774444
40287755
25323880
172957407
164500508
12353032
104479588
174378043
120941489
61273261
38663718
34014109
135737017
39214557
169638634
100841442
86453469
16628186
156070002
124146726
23157314
27323858
169747724
12262400
19031836
128671531
15758616
117115392
28259789
65143918
15464395
139042954
108215079
15776251
17489418
127360394
140935129
99919532
33998225
128704826
82197654
115966630
133015282
35735627
32883679
176728329
146059735
105800274
73347845
53100608
139880160
12720585
81547175
67915391
16223489
13280175
130362228
140968595
93333613
179101401
119006506
102722213
92294627
44321156
77939399
43514756
149139309
100903724
90175266
169749873
65117501
59873861
57048335
173846081
166770697
164007258
138990060
97283163
63922674
30542329
38342825
104072795
77852369
134062705
132605091
133368018
112679439
77540963
17972687
55729156
74016703
60395210
179222076
152944221
13277639
102527991
65702754
63022210
135644690
32817820
32611650
153038048
161558397
151444361
134664719
71691475
38182071
140934992
117279258
43976190
33394533
16464359
25233728
112678396
23721028
73132541
175599628
30984183
129387065
91082939
18630193
46331557
14593156
34000031
46338284
174685271
152698903
145731050
17227434
95528560
141362110
49220504
47097856
129150365
12476135
156868408
12910172
28809741
28641209
167549262
13248939
130878254
51315138
104465251
97978498
82445935
61181091
38884124
80517167
69739374
62875049
42621598
86884973
33136579
12360492
171487364
168365054
168316926
142987789
105912508
89246749
73027936
116138035
42897635
31487508
27412996
175792931
150276197
171250929
129255856
119802173
144351191
80059136
92783887
37792268
32948261
26843637
167441941
140066565
20817743
23880131
105676515
100844981
73040040
142077239
62810178
57324021
39744087
139168611
25044043
167723570
137578555
135212501
126740274
126107839
18940728
19401334
137857065
89158928
90845153
29551611
44271910
41984509
80819483
14228962
159277533
154500236
90563754
58258057
41855009
113638582
151645962
119800646
21233577
20997989
79920631
67669707
23009072
109598404
38765786
14466995
166154066
169276572
132281039
22955497
130267636
126835340
30229903
79419855
133563808
60376345
37860510
29014018
28656034
169915999
148864145
23421788
12278314
20566495
98024079
18927314
13115619
105077421
72122909
55301038
12462631
29722396
50231046
52048087
41022872
40288914
27248332
175742434
130685901
168631131
167448558
151358335
164176138
140771475
33450520
17666368
55566820
39306752
34835257
177691681
135213930
132151693
132923279
13180698
159801895
91081580
155315485
78219793
25217922
58033773
25198617
41902980
166789839
47116480
147861465
31532539
15510884
173845306
165459251
24763580
151999699
148841937
27951503
25557236
134914309
89594617
123111440
135846914
108132516
104562349
23822085
23641824
88974362
73780047
67828832
70203458
66579867
63901764
17334590
61245860
15795433
120050275
44418902
36911594
33976079
134145772
44294614
176206324
175411676
151099386
139258847
138793440
26078767
114660038
117680891
103409892
70563230
71106465
67468581
49963379
45660668
42232725
15201426
15449740
39484011
38566188
89202103
14737300
35710484
121380243
116121924
33870869
100412852
31134783
27481460
25313931
175079816
171295630
24289602
24355694
151275938
151253529
13344761
149714710
145865379
112150806
89748015
18918751
32737870
44294719
13602724
18150946
101654505
72263299
67056065
21400553
16240381
15868518
46242612
48681945
39954056
27943575
14830995
34098171
29781358
27269436
25807244
25549770
25298956
42826535
13583081
20958046
146445928
157100539
123992244
34054039
101101808
82170582
12840320
82943495
12907973
18426655
72067604
84519813
57856644
55860592
50092530
76904785
41566459
41680047
38725622
15898244
37908480
104903278
32950089
19136686
55726021
112205950
48248631
111655538
40217657
142589534
38139770
167870206
32521733
18168458
32300030
111605444
30741698
40268923
130415855
106974188
121493590
57029560
56652975
12764621
130664155
148355406
52844944
48589936
41806910
139040768
70422467
46764968
148593584
121343083
132066670
82788278
113248251
161783800
151137770
134031951
108952142
90501158
173152304
74111266
66561128
36886987
179629122
136996843
132235276
90620014
150585634
68503191
118091832
43517930
81451235
180176680
144205326
141802546
137835011
82778981
152505916
35510926
154709827
28941348
43522354
164972455
135321500
123837610
147394973
129429628
136359743
92093056
90458275
126293218
71685114
155718540
47722534
94597396
40874095
137697462
136914185
83942144
171123942
115456817
146846027
127919512
90082554
155028163
113815747
120090285
79253319
76821143
179964703
128892115
120011402
99942869
114711446
87495575
65411657
68909577
168686857
121853291
48073102
22005595
125891734
121855248
136106498
121243872
110279910
24775638
80007608
33899426
177526053
121147136
154392089
92736280
51940108
84500299
29304483
163286844
132250847
113168441
105094007
71135530
138069678
149086328
146071670
125583310
123519887
94776905
64468531
112550359
102302062
124678010
152030443
76352545
41121948
61249660
33969192
163821482
156954264
142762733
101691729
126430702
53835776
40432501
175334289
148079397
141029333
139608967
125690670
119784785
79735964
148842849
137276550
119792261
77556388
41954337
145049214
93490748
88939100
64814295
179436297
173313732
131354799
141036748
29487280
154291405
137529423
90063692
42659925
36470745
179406477
174175450
149609835
155757759
82598145
25118749
160029553
132899195
60700029
29799751
147983468
138415181
90601123
67633073
141408697
148693895
24492553
132137595
22315630
101634276
63641956
33780270
147067145
124727629
110117930
105357310
92386777
106096926
91261618
68373712
88120604
27176316
147868290
98018017
63313740
38515059
176856874
130037578
45766181
27069074
176633249
159156435
127965132
155955446
88841322
82717659
76315731
168209815
146587241
107744438
90487099
64804155
122576276
44358821
170845732
119792240
117635154
96466303
121745953
114876414
170054833
156073356
147160497
129798571
120029306
117198011
100579173
154387349
60041903
59011219
54137923
78844658
151463342
136919236
134961590
138938524
157969543
127022241
23212905
75093757
152317466
134602334
149528237
101671353
144183865
110650202
126734594
89982874
49575534
38460833
162727137
139234906
179507280
39031293
31511733
167575100
153369805
151148560
126057071
127801090
105622457
127705043
101551275
121862414
152426712
160051977
141402397
123510561
117879290
88232447
91714601
23709648
129506236
90489806
49101902
168542391
155943561
152378276
128142199
126297568
154338570
115606043
68536636
67328623
53861741
38862218
35010838
163237823
158914332
126523196
124442849
121840789
79237492
85769046
78759772
88245712
37199436
177794039
163019264
136379283
132299458
127733893
94637300
89612107
64365737
52004153
39302458
36350172
167363215
145032030
132740342
129818045
148825073
138646280
110133735
106778101
110176004
102203408
91284292
130890492
64730016
107829335
174918395
172603464
164000143
136439627
130825364
115228572
101929167
109995246
119784634
91559353
88015493
24988976
75996304
66899792
82585841
42573321
53581543
59223788
155962140
144145040
143184974
132738241
125474105
114407378
110312886
123060333
103035830
94036872
89914224
99613889
87499600
82785354
68011711
137628766
71598487
51980027
75767253
174969050
98725623
45023396
177216364
152944655
149828029
23259540
133284846
123843330
116837000
105261421
90526654
161181657
70333603
60968445
49323050
28724814
172869836
156155219
151242099
125559542
121510461
135983998
113157452
21261416
56393757
55726354
177784095
154269264
141724153
40628698
129561554
128978814
130715079
124423001
117625757
108873041
90340919
67646870
46144043
15385710
39795422
35773479
146399966
136861035
136603008
130953616
130103971
129767287
123136708
101835074
152086644
112366859
71681620
50814337
49829460
51591127
150284950
65426365
87631069
167778166
150632327
154485214
130818160
127096033
112789058
123355263
101665650
102828036
134328864
143423715
92685319
88940695
88651844
87899654
81968804
80604271
69113330
51555295
45138977
41442872
39103111
152241659
37580650
165075366
157513393
134662721
129882163
134877002
123343156
153725636
111340426
106450506
132000169
93083807
79187469
79958190
71912415
55112165
106715797
48510042
45021834
38828175
171131006
167517289
166738874
147183319
146918302
145276588
132505135
128526336
123803252
122463767
119914723
117483861
33699512
96276468
94656218
100078092
88255778
116795517
75849804
72824645
63518834
66375006
56791605
49868537
50630725
54370246
29319034
155711016
150934968
140689482
136311835
180487617
28781167
28818596
144535632
161605738
144241189
26243159
17742114
147595637
40591278
152563969
15210893
144519275
127248879
173868299
86031618
131957868
114288417
175104972
157774154
139618149
115011594
17379128
107297334
101297104
104230352
154716130
31456973
141510253
140714475
113121920
142779846
31695539
38468234
31756872
25004869
143610869
15210204
15265519
147438347
138836881
70598428
35355220
150751806
105300370
94703351
140706711
164778988
148375851
139418420
90254643
17367613
25191050
36403174
140347405
101792579
50516028
101815000
18216362
73521529
88119219
110981094
50941427
140684814
149892732
173860463
144188027
46027968
69367814
133237950
135186687
105346224
85629679
164747379
154387890
113383535
31469338
26235665
175612414
165053396
155339286
127951748
60132343
16231504
135218720
101930701
95419806
90946238
81551008
78312848
55840597
84596447
91446947
43735987
39385008
86029153
59196824
106113843
32313483
175008050
157775874
23711405
141197153
92255489
25163408
44357594
82615950
175631966
170493839
152930557
144116884
138679900
29819515
105402257
99500160
76253154
18215766
146610238
140180729
30032853
162840903
148568034
166404696
98196911
93293433
90087143
81381943
38462500
23750720
84514961
146649588
23470869
44010658
16085651
24663656
116251247
24978305
54320521
55000666
91377879
94768921
70798699
95438706
24559554
89145038
24345252
101640137
29618585
152679250
86602966
95294358
106116343
120633176
71394133
134427120
24234193
24240031
37170424
100521653
18153613
90736903
23302503
23909704
95255272
51552384
82797746
31455546
100796070
15884652
119778550
12592187
159678144
110159647
13512324
46677426
82231071
13098620
15730117
22529392
64859486
58676250
85444024
114751153
120660978
133141387
84032805
49929786
20356001
51627149
147424794
24277701
116801779
130826563
103227924
100302541
77616356
60669422
130559382
68896859
48650450
41962838
22961657
102038191
34284330
96682815
39116336
178281485
80898619
120944746
13126244
48259938
23454243
121833512
49553763
147655436
31921336
14014706
112348621
32792207
34804577
14228172
144533437
80914141
83635940
23755216
139842331
160576272
16055893
91805800
41993706
15512033
103332128
72758142
139481378
138698946
28465543
13926282
138554367
58999540
72948056
111790150
88272860
74278297
71762955
31667666
27977949
38992565
23452462
89277136
63525104
69733783
110954989
21901765
168050950
17901883
52965505
87841221
64816509
41913203
147357122
135066972
33458298
26172398
78096389
119738396
135866702
91325509
69097229
155079619
13653084
87666818
69524949
60545913
42632783
97064235
107349435
122053848
54940514
74779480
144209124
150688611
76560900
67082348
12260724
109994709
59199678
82949813
22889727
54505223
36442632
23794013
36139021
20188768
38015743
97130532
84697985
71244109
22455907
50384966
15728947
15911013
127446329
108146170
16457752
71576250
48430798
31408175
176924391
134773315
15652253
102576752
55896963
23798553
43742530
25948883
107490984
22917679
19053702
22191772
18175115
28231496
14018448
161894022
24659700
28241241
37018502
29527050
173783546
113373994
110164698
66367629
17302223
53795959
86760963
64508166
139084106
87802855
81109200
65479687
24089751
17607274
129623798
47978760
25988978
99014746
27197826
63755155
47739175
141059920
160989012
127706751
85447650
154998358
133835555
113046819
70003921
12679496
52681038
16187214
25154094
39940807
31847473
27579662
115665852
12955410
77441121
141939086
21994450
157634769
93468920
62274380
67177343
116295412
28469993
35099670
73056608
49849812
45441194
116234336
39375770
110090667
21489547
81019751
39092381
59408433
36461596
65339691
65104926
16073977
70089489
81879439
174598900
142535774
135070683
63864445
70758549
153567695
28311844
85530960
43002915
170833520
113293318
20646284
91280918
52755406
13527686
136679081
138593162
107504312
17416874
64151574
35594745
135906054
12704436
14401332
14252987
12571065
171656832
70434915
16598381
31434405
69127189
24640080
127832345
76370455
151216012
93094591
14164726
23803421
45415785
12228788
19709747
21711234
17299164
55937366
111639512
115312125
92090896
73250904
16682720
139282423
112984019
148006552
121819179
172719614
13378917
47636607
37092136
25839404
27720099
101370616
70755368
93317125
15607598
33583313
87815698
155123240
82910267
109210489
43871376
24558814
33655122
78360661
76493294
70844299
128500166
45569972
149421170
31876641
83900393
152327089
40666960
90975593
125040625
18004852
54829986
115884268
15825138
64260919
21704569
166238142
18059942
87190179
33507423
15231565
119434460
124184696
102498287
23851507
83091964
12484020
38036371
40059441
23367079
63710420
68429540
167656198
154480559
129770765
99153174
69532987
52374401
83582492
31624971
150217660
116426501
91231472
156505966
127919063
103807952
16460941
29955270
26219069
135838192
20570811
166740946
149407083
75820809
85813729
73250261
69852591
54705401
68367688
32777291
124529602
159005912
26279760
154126654
118107170
90093940
89517837
43940125
37196073
91824945
28520363
138523410
12888902
86150303
85561715
71656941
28805611
45587898
98058559
74518257
43156441
75202300
31178705
13924782
12915773
38855045
92618010
26855510
17210312
139064274
93809870
14189518
112185034
57543027
31139319
39631513
36519612
122276801
121515273
18700009
18849920
79080222
17030287
51334181
48727960
61456198
147677937
30983669
155396514
73948102
135725177
52472294
43257849
40742185
38907555
37937915
35713591
35342574
12351100
12690826
23023127
22295459
146523789
58900887
58307338
160647576
36629439
34796985
13885887
177826277
141153060
14347237
24481466
107836313
91286836
29984578
61138272
16682268
47740432
15946918
15785921
41751792
26878790
161205174
22741911
21461218
23687002
56050379
60262151
12523731
98131765
37679649
31824544
31208028
38185308
26989637
80976055
171827444
167809446
161329021
133017316
21456979
89480355
102827414
71618464
147488017
19871005
74844724
51016565
111102239
44294883
44137373
141096216
36778222
148900663
13942257
179458561
178604717
21821145
86399814
18218034
73090364
16296223
54242136
16191633
99591587
47105728
15435239
12511032
37034267
34078149
153956152
12344129
35323518
172952887
24472541
91700819
143724224
88139809
31428184
48332415
47898617
15690782
15508220
36974600
35894297
14223355
177116546
29423957
91244435
136706140
71689119
152362102
91866869
54755257
20812157
22168168
122706743
27404145
26857609
120686648
101727313
75239050
95790603
91551818
66069564
64144875
63928216
58326357
53518626
71157167
61924989
75395730
42604822
75842529
39444476
27454928
24887815
168040322
160946715
128719412
117222000
120125563
107584600
83975611
87996646
86671810
47306875
43473224
33350876
45650779
24447531
127933877
20577645
107560864
69871973
58456715
49289660
46344568
15577306
43928542
47649745
40763579
55895472
136624674
149930336
101371001
99363912
75306040
73891786
88203917
62391836
35792156
54628918
80579438
16101864
15649544
38903764
37753577
37715741
36825898
35887557
32790838
14231636
90053749
29186339
24516596
130905800
117222774
97683978
93220653
103662833
89763575
63808812
18228892
76012689
82341600
58176819
53279308
80104716
44344120
37842667
36201062
83140961
31858859
13941107
28276447
156039547
153188988
153324791
150401505
20052057
70512154
91305106
79944224
76398221
76280016
91269771
96177086
84821615
63049437
60584367
58607353
12617362
48711228
12530198
44063258
42631476
47430778
36319009
67237736
35978187
46166135
34344272
31877771
27167345
179779894
70451524
147970837
21539550
101593677
93814546
89495994
83881346
75968957
107801822
70273486
76511020
59026625
54054841
95582990
54183244
50929278
45903090
45862525
45590932
12764682
18476904
41213533
174627990
129754458
121917216
21910361
22397543
19910967
80974656
78167337
101477866
76821683
18056946
71321863
80492838
67816492
22098382
17060730
16191291
54086892
71064933
52202944
51047045
170216393
61239810
80407149
40976055
36053235
14707704
34366756
100625879
145321699
136528396
122021666
101702869
102709473
161358983
123992298
29276390
103624548
20151586
77993903
39691301
56191019
32921853
79182424
70088873
81698946
33820724
110725741
143773431
161852090
136251248
16004076
136246822
136330633
102716287
111489820
98558611
95794347
143780618
70998480
83639547
130230580
40938920
136249239
23942834
67218284
26514753
140949938
41336552
145298968
115709923
49070931
129815145
87960123
130425044
130450498
26254459
103867155
88840753
171462696
16108702
157059239
152077206
129679566
24071715
174110295
155361000
85376317
69699924
39311347
43599414
89323103
24708670
130995653
151383491
151209621
24047736
98254660
124243444
29868469
77655656
27359260
111982274
65649209
170792629
136436219
18711695
101788922
52568651
45709505
72257976
56316028
37059370
127847340
139636063
85423291
48327204
55465924
46480923
136455413
170526318
87921333
33940148
85643829
168971569
77516563
165854828
174192772
174739686
34615791
22877882
46448168
109668492
24399608
91766306
136419492
36353528
18718114
163191937
130157565
42145550
88224876
115202408
121789285
91589440
127827771
105059002
76692876
87341743
28236460
31031280
25269906
110484722
154296097
125450382
133921406
38405230
119866891
170490311
87788004
39093164
81715181
139614832
35405121
91671022
144404742
168781179
130277307
103411007
75574944
44868481
108838670
81528044
49598623
61345742
73174876
150879976
88839769
170283339
109352865
44047888
130247981
136824185
105381384
115147899
126599698
131047188
59800988
134241676
61535363
42876279
68258851
34804957
124281331
119176740
25338082
87901206
36832540
62340511
75152620
141262372
93494556
49934186
45571072
102797558
139945726
119016910
123993202
93421419
50673428
143079612
165438720
101808102
144964659
138388141
105157419
127192245
121517333
134512194
119917248
33963748
65274168
41998550
102629043
30656507
114014953
112378856
175236612
158033735
20898149
38460923
101701751
125549802
67228700
31453424
78447733
147240627
160662632
167068267
57531270
35769228
162736091
154267935
157972723
38847521
154228960
107766556
113793952
105136277
38497224
35699049
118492472
28118319
81767288
102647355
91330365
154092609
21350061
63872017
49512112
122481430
53815818
29987148
129938698
145219653
23427507
146798409
136553647
20854236
91134905
119171071
50965675
27954358
101543601
50454614
75413997
55369273
160939791
57787304
44684048
34006724
50107373
141481809
40289660
167299936
33384045
158840568
135238331
62931992
91371017
109195331
129890926
126277289
56713505
40514874
161841048
149987113
80079789
125965217
56116791
53724792
53196878
148836958
99357577
87932890
42995154
39780485
44546719
73482773
136251071
155368886
135276508
67446402
17469991
136420369
136443689
130231975
43938304
75200618
170310067
77029049
130529758
127093088
145721750
87070417
81703867
62337147
42406062
132005467
32825549
26294774
26726155
154298825
130237908
85416630
59932254
34410864
172193137
56280770
91191401
101620514
47945079
91344070
149843823
102625551
55665858
33270643
154161903
91063907
28018472
104467647
127064850
35814100
161389370
23418060
134628575
33573031
135155849
24231197
85774195
124436911
25851811
155945152
31132339
138595372
90875272
119924804
77566689
72665568
16180007
150807840
50270795
163583009
138931124
138716180
120573176
118080164
84239995
79368003
59991276
131527450
130367437
67943101
61904775
130188223
100301388
99920896
62975086
52190570
43169999
130726361
102629816
121397528
55659019
145312614
143120272
124475267
25409621
134645357
168035872
129843645
129156618
35601795
53620528
27292548
152744214
139201012
155433497
131100127
70375896
52717286
42759873
141382248
122146286
97737295
91377709
69953248
67476864
24772623
173110469
132065604
130398413
98708891
86422442
73725544
136357973
130410812
83687439
131341981
37507525
164276523
56123193
68439235
45487808
148792648
46552937
32192763
154854818
146801718
139843453
130203981
34579373
154091043
143131787
113149238
138644975
121662606
104459524
86662009
55212477
145022093
88263793
82066213
129987936
13558891
120374605
108359561
102734528
145710350
130442292
109622701
89849635
75654571
70371305
130090937
24772641
42918216
34020879
98945632
91056200
62492705
136434839
113144496
50092960
31552082
169934001
130368115
87921906
52902640
140253648
130241723
103311127
159511581
130446971
86279820
112520896
111575803
176240157
48863127
145416875
24420837
150653344
75703494
75088568
39316524
35409022
129808947
139767559
130205040
125394344
41338587
147270190
21205410
72868167
86249650
129927101
127370040
170131692
110795623
20255931
63040172
46507021
46288373
156246705
126607427
83465502
60420997
37509254
103899813
125560951
90612486
158024394
89818367
94238042
137585634
46075997
152152059
36456866
135132876
50268208
26687754
154211111
140014011
138731159
109093598
99575860
87946906
61384093
32957765
35854138
131548348
130099760
124066153
100450769
55125670
83575517
79765440
149925788
99029820
19186546
75463768
74841142
58601573
107786649
42945272
44288855
39178127
134595737
102709272
24194308
33833005
27510010
13355862
124070618
95790621
87022277
80607104
43124427
94933812
178976533
147699463
92124518
63515790
55581515
36896370
95813954
135109493
129670927
70503852
39779818
88847626
155574811
146243194
102455751
116329793
33463181
153121932
149982522
141565505
125169419
60481489
102935368
48112975
29385163
131389925
129343245
124627848
20896117
124417009
26748491
75753539
57608092
71216162
34622771
31186806
161636519
28894366
143081892
134010201
78468504
140789791
29337351
28672161
129679020
128498579
39425737
103764525
60577240
38938054
28820770
176480946
76533227
84920203
60181163
149180647
141343309
20963323
101729884
52273306
36780669
73483443
44029114
21479367
21154641
124431156
87964345
150565654
80449300
138539555
59250286
17557007
133133765
103286228
20851241
95055075
83105708
69677596
56191480
54370400
53900813
50128453
87529328
42381618
140038239
153384478
109374702
103985496
99029312
24399076
87320654
180424857
151598427
138226259
171547848
132429566
134462411
100815393
131392550
38509473
36292870
149702045
124723872
96054785
120026486
71751704
70173032
153203107
58554567
56480349
53919347
45504951
103761610
36095354
136129425
22243350
132168493
108772973
103440574
48885033
115255251
64481533
141482960
42968300
87038510
34890892
43915718
75980533
82534657
47314765
36166255
96091656
83378210
17971490
63538292
59670817
59559908
56411248
45562093
159064060
132517493
134941744
118427139
115157808
106250869
21208371
73531180
50698141
46065857
42258071
101607941
38935410
15946212
149347056
24243584
28847509
119813769
102982109
93859661
48643607
13847083
138989816
130831160
129990570
22881839
127022985
53391857
44142586
41969426
38857215
26536554
155002935
149021025
133205971
130038767
124201622
165242274
117341899
108038146
85577423
140808675
62820077
55817023
55772830
132884599
42388395
36514430
13882557
158291499
131703398
130483165
139242739
119999794
101388201
143202128
75640211
72301406
64692386
43436690
39514066
33574180
30299551
28782043
101604711
61220129
37952152
19340945
39934837
160364094
66002969
17392186
157241286
111100619
154467310
161683255
108146508
87331484
86364740
129230063
55914708
28650995
84454365
43199258
40724584
113596933
24982453
24820163
130629735
127351525
87704804
81864630
80175392
58475061
41229743
39333415
132137551
130835008
113361259
95472851
81797647
71019727
61256170
49729028
45692424
53311598
108795395
28707092
131492152
130410518
119894316
115556260
94130039
93794927
103157818
74321872
53621428
81815292
43895453
90094185
94801331
28297862
175294005
163448317
150647650
141182661
133178306
116490018
102645839
45023518
91090205
18337151
133540722
68509373
65868933
64849607
77897823
137744816
50301139
15142549
37064901
27544048
31333118
108941274
28196192
164476764
155395487
24348858
138151807
134748151
22682221
119123426
175792013
25550029
98628393
73725856
55840117
54816966
44520776
36492967
49581226
138400167
165270989
118162600
87048282
103020448
70955584
75158451
65026706
80549640
33743687
43791550
171285558
132572147
131776291
136314093
160541906
135689377
120150041
120149306
112590151
117711279
74144583
130594046
124629373
97935881
48637407
43134709
40841493
30824313
179779268
27479530
34211956
160183973
154772060
33727628
148135855
151326516
122918707
104322335
103871980
93764201
90368775
13747826
136499565
79325416
72262892
69332969
79359594
55108288
57579036
34250759
39294917
46893184
161902992
153834481
151211009
152770505
149403677
147850599
145301421
136353656
173516461
125617733
113041188
134572910
34424790
124934020
94030103
88844677
88699419
124354312
60541193
44582087
44143983
131581090
41875339
29927998
39295153
37211912
40465936
24399059
163435694
148021731
133599652
130204314
124684621
103479516
102709633
94526690
90342152
115633854
87041928
73793880
67983307
52022501
150288052
172427417
136984714
171691574
131876536
173748785
113945443
135807336
107436866
111316802
124796017
99675764
12255902
78368530
52556782
85484277
92352612
90548988
92309422
91805643
90547935
90244764
90560958
90543645
68209295
67351573
34235147
34714804
101495490
12228221
83774740
16162967
60506017
14089089
101705115
20806881
20806281
112193887
20821156
54640576
14169664
15633156
24729473
13034737
58148605
82255871
70429479
61231849
15414336
115101486
134931901
12414245
27387066
114844341
30816138
12641455
14334145
37387397
150746325
12296299
53929835
15113341
30965423
15652396
104471002
12242518
17392488
15198094
12236985
13843986
72919287
33534574
12236930
72993957
21246824
80873477
21094996
102607652
130842121
13945666
14090471
25217498
24726869
14776879
40454433
113323970
14017049
27296857
159374527
30930730
12385420
150755503
55480653
18165773
85511098
25015492
13406699
102223677
12899612
108886077
19387415
18769793
22402358
71314987
43219644
105041947
22801738
110674692
38734565
106645034
108846758
13272577
20468979
78991687
20930679
83735795
79020579
70844156
55035736
55017362
54902859
71789468
17430512
17952513
16035959
15388321
19680191
15394248
12260640
73008357
12582953
122620008
13461287
26817858
160676120
152698617
24196360
124307100
23592937
12907382
55644323
12550677
15215875
29647597
91682607
15653147
12566753
139685780
22542016
20917323
12791161
87110641
72964371
125520529
21183086
34940503
12616580
12571443
13820607
150071044
50248816
13134581
105995515
102671633
18261595
77617270
14781578
15275531
27679883
152842502
92436981
18459040
87078357
70452985
12260756
16736067
16699494
12350583
20268459
72916420
44944027
41298120
41597607
41411797
72111353
35287443
175981616
14113750
14017894
29931445
27684902
25308679
27550170
12953425
63512401
135457699
81449094
42790688
39087573
14602121
13855041
13350119
130937351
22227427
117217240
100226131
146372673
87628255
68067844
12233571
70831458
43196448
92266437
44616122
122212560
15311654
13932681
13669259
13668698
110687292
13337474
135831762
12907613
70843233
13827961
13827885
60733627
16180605
147379910
43254159
12517845
40072478
14932067
12806000
14073856
12470667
177190071
152903873
139639886
139607972
109673551
84940165
120899448
18324103
17167787
83609434
49527671
46769371
18193496
35716080
108117922
32722898
15236926
29646569
30303161
12790862
27208211
16703489
13585246
13584923
52647520
55785656
13151393
134288420
91564933
12271597
23589685
23585775
99072367
12999711
31570160
78821448
75895828
57749389
17751012
59720448
50964146
15822925
48225763
15013691
73577111
43674660
43206763
69635713
40495932
14968102
14780365
43449539
12593745
88102326
12328084
13346149
22392815
13618590
12273917
20872507
20489082
115934436
52326339
42181689
52407064
125052607
124987161
42215017
75996256
141000616
26656947
16275649
49569893
30630044
26607974
49209055
128241514
30124750
26615644
14893851
78254676
53241227
16269910
30177818
61834257
25993245
75276153
76122504
13895045
32532191
53237689
49455872
26636446
32539820
49378444
68311917
78235714
83455280
16005614
71480401
13299786
72816532
59686462
19868233
70514373
87992599
13299278
14353207
30335319
12251969
25989086
21472305
54476458
49430472
123718099
61818609
18508965
14927911
157471509
71665130
48218269
54292724
126647261
57935104
75845504
108601758
42442733
76502405
126171832
113841222
76072740
13714018
130541450
117003755
99186412
57326917
146163380
26966444
123750341
123728753
75635040
32976314
35428424
12641339
34514145
12231670
86957206
85764205
14155910
38286083
14919052
62262756
31168083
26023885
14275051
17532860
60891095
81633415
24319872
19868846
83457766
78800625
75808727
18111015
115892210
53174458
43427690
37251514
39812508
30637562
26667784
13319484
21996181
108062479
97514577
29032071
61826608
16803748
24123925
39180719
32972067
36722437
36188777
36015292
13896392
26165642
12289829
22661218
21395177
30979709
60771417
56217174
58248114
14786050
12421852
13366823
13234976
72189789
107141503
54491330
60717857
53255244
107208172
13843993
13641914
24322415
36427554
27441853
113833050
99443726
24260285
64481302
61683896
17238009
86018620
12252009
47455239
24125318
14888884
14346502
12410799
129173962
21574014
101165834
120726073
32936529
44943940
81174055
87974811
90147382
53438900
113849303
83011654
90796911
175410969
114983930
89356758
177612264
42464402
21539336
13095755
107498838
66982273
171393261
153015422
71909534
27658804
167200076
170779376
170245700
170480766
170522900
46306715
171357731
173813000
173941514
46518834
172011859
170871455
172111186
176211063
174969600
174248639
171428436
174243489
48295873
180350276
177116289
174328317
166353234
171400278
171473586
49951399
54813432
91443891
19529410
35185677
60252083
92089710
69153961
46840344
15854031
154435197
15066933
19521499
82995464
136450109
108681446
135169187
174933463
110071873
39941701
38125559
135228255
120902345
92085857
61695607
24885779
24912005
135082909
46383464
63084957
104852448
55461643
64761299
14468287
91601874
28976021
134901505
103676566
39961537
105899844
114466695
78328985
102492901
117873545
110707388
104106561
45609523
112536799
151253988
123946269
83128011
110134177
47671516
36374997
93514477
62707287
122059352
53889664
45070773
74666266
107191204
53983083
112365498
108909114
77711032
46905075
44569957
74309079
88284063
110681873
92129424
45359642
139857066
60086389
24158079
46695028
102672615
44187800
157011400
138324370
110872917
47816967
25970593
65881886
129015658
174084772
57284252
132930144
132784366
111515077
62154454
114816755
50261000
15578255
45253756
113067978
64567049
111038904
91477808
139931140
93461888
51711451
101411963
41499469
105619829
44951083
128053415
122194291
112280806
109982609
47066644
50403932
103016659
121358853
110318925
89926233
68493411
51169464
119935943
108722925
90946083
88271773
87127325
98050012
102772218
61312976
93658834
91900952
70768220
40856310
72421324
70428957
59045906
84923267
110646555
86636322
23896265
114849338
72237192
108356075
32974926
19289338
42305751
110585554
128212955
109890053
87470325
55445997
74327790
79562189
93851640
57676238
104743064
83844983
69744542
130823991
112440262
88869693
74689685
69414828
151609815
109762028
110200879
71981934
88339496
82031916
68343844
48013785
132574610
117082202
110827223
65039994
85277089
69750129
112754585
105703618
16318374
55072234
50832403
173693057
82100453
60480144
110640303
110634007
45068617
22222662
104989856
109418841
77053294
45691624
15852645
41311214
70113163
155069928
125595492
47819664
107232336
160486294
99075664
27946381
133368340
97384340
105606049
123830531
108658412
104863339
102824301
37076484
135164952
167963457
60279003
43795739
14349503
135803684
124271855
47672939
88823727
87408293
160336559
56553079
119934955
102340446
48174831
102658379
42709647
54054160
48754508
27312604
26002270
134594535
150963514
104429111
127098958
88403696
110788295
57410486
40695504
70991377
14567620
99462868
52842211
33579232
131267774
68095851
17341012
23180071
91788624
136743731
134225138
132797149
132091516
127130429
91698989
51770102
50704499
114320832
93713621
137907864
96460476
69811383
16038621
50617290
34439861
24931733
134844097
133148837
128073028
118937052
113991117
99477249
87464606
71959285
62003844
52816220
111899172
76547412
45781628
44078109
30488343
40683288
135780461
134678358
80532520
96415890
13093508
51461008
95600623
132151645
151629755
74536100
73997303
67955760
71728299
52857112
45691168
128656713
117315086
17337386
76923828
46340700
27459691
133234678
132813092
99524023
83905505
70448646
109983639
93014727
36504448
26083662
35099636
53140470
26475495
102789203
106574982
80170292
65135313
58452829
174896721
135114647
126603145
123494232
110142996
120436662
114364918
71489265
70027886
67954767
53521573
52824140
158040654
154427785
134356999
121414305
118417465
115232437
109923562
66169230
64137245
62503297
17155465
51661511
48611524
43363812
42792423
15394091
13883124
165390827
133456080
115652636
102443511
127023200
93578421
87993357
137521575
110480885
73011010
70758444
70346085
50168533
46888827
51315202
30750727
114801382
120810150
110580320
110292107
113034303
103661410
80180316
74972779
16319282
52852066
102668111
46332124
80129402
49867155
175040246
50641645
74502055
17325686
134509403
117072274
132635577
110694073
127585053
93397178
76963735
93041663
61824040
16518916
16040428
50899319
82653657
45905438
25558895
136741334
134874920
123592213
112476622
109293771
83717592
62764342
86778154
55258241
48588874
41530906
30186747
146655099
113970383
115128151
110278053
110895292
110447744
67189266
50277572
45597249
14915430
155364807
138332702
131816802
121614459
114124396
137247732
110047034
69770123
68011610
53180471
47057870
44793828
101504099
32196579
151257634
107775045
110878396
155815511
74988957
72308782
72835923
85270637
69481462
17160393
56724373
52917277
52849596
46737373
46442940
44114766
58572520
149283805
36540061
160596346
139057195
135253757
99838847
95151416
89732646
88855741
70666125
19428811
46595168
64410906
32928389
31835057
32019551
128732236
110588956
89024446
74640579
67199349
150659627
58255971
89402532
123212204
158688531
131297478
127091585
94583583
89876105
104195277
69342335
64149857
56909358
47083144
38720379
35120632
145060193
141689844
138109464
138018632
135787876
133458189
129011733
121445426
116916120
113811634
110531234
106295191
98358978
128259995
93409385
136147384
75432483
64683744
93380037
49024842
48440684
45444116
159786847
154122480
150450272
149034527
122309666
110447640
101711159
155759667
70761649
122899240
70122476
64757506
12509004
30319970
177889134
133764199
23147248
126451718
112816338
114927666
157390954
102832494
99573933
95654743
85110035
94840350
67214916
62001013
50622919
48435027
91278897
46702037
34939529
140612568
179010280
165094319
161172026
127358863
119984412
172303364
89292350
107624149
110223402
88833799
65447517
30981495
52827739
16038667
59003788
43866473
157622970
12435586
30588925
138146901
136823569
132928266
27105584
131270679
121122680
151567555
108542632
85805894
103441186
74742495
95879673
65056496
73332513
50721237
46121332
43063380
102268859
60461848
14497742
32766540
31624561
48310680
177898552
134984884
141230574
131588158
130282882
122954348
121546046
20948285
118195648
44703982
98941781
101954217
30893855
89880725
83622103
142847875
72932778
67810216
61617917
61611551
73741179
164180293
50701908
44287590
138278143
126974984
156336176
121075630
117061732
114012377
110552773
102114782
88056233
84716602
99157334
104582592
91898130
68351293
43768825
72333578
29287798
134427162
134797599
132740326
127189687
120441224
151170314
112756575
110449921
113979026
104423158
78384204
46883386
134095804
19147218
116776416
93630213
108145265
61401801
39221589
102232238
27320566
44286077
168822318
80855034
73050446
64652097
93368917
68973584
36164113
84237102
24832662
109039000
114485809
57673067
108834746
88117340
66559728
55483904
52316220
38994588
38345272
78260328
36070266
24650969
154306383
94120942
81559678
76233772
21485473
68096459
61406551
53493811
64124428
42431277
21948459
50797035
29392348
63280241
23646331
140512198
134099410
132802233
89111266
93794641
72961298
71167918
124837887
63435810
37550176
33115449
25566013
138484840
136483560
114435094
114858467
93093474
92708137
55901830
57328927
52392939
55692545
47048840
63329804
63314685
38969213
139603988
137489486
47498168
118000873
117887379
137287586
109019277
94288776
87959241
82812485
79329172
47581074
43126454
34934270
33023706
19970531
45864381
81179593
122884474
92383227
116399612
145953918
89815947
76992913
80035177
70786358
87380062
53919359
48909569
114588611
46337711
47780830
43768458
63697002
15614035
42727972
51565898
71074621
27246890
167633303
143914481
23551558
137180108
130855363
123292680
110922315
107909994
104672847
101873459
92411402
94341729
87973914
85266385
105291754
75218280
70415868
75959657
89226311
56838753
149450783
56468679
17935322
51222888
49487284
47180217
94001013
45050612
53130665
43462574
44306005
57851106
39004085
37545882
80422913
114973827
33418831
29418136
26559039
25070046
152641499
138181473
137958823
130298740
124500745
118630747
110029960
