122986375
119081981
161290993
132034446
96780266
123136892
158405674
132051780
76289163
93181974
122024016
119147068
137690948
172192950
95964332
127504554
34998245
69522798
117385114
39561946
127498104
139148917
122188505
43746984
30529756
93599398
86574860
14311824
108974170
119169666
142356228
138987072
108800998
76194765
140118107
139886230
86599108
128232544
26239398
60061334
95397643
43263784
43293305
122853194
132614330
141893791
152391036
81572117
139188206
151569210
101632509
138405665
80042900
147322211
141842060
127704728
116160876
135963679
104596287
158858837
127565969
141878897
128393766
141422842
149335937
123018208
118636187
108780829
36295696
133867252
69787340
122955701
78280495
68653293
155299554
141552824
137665034
141902352
56249304
107477727
139142756
140403775
43295336
141383154
151494935
104569022
159047780
142220312
141893848
108890237
108045072
146912140
135945839
132473558
130933098
126834336
146780106
122796284
34275809
141361131
166523057
69484963
148703608
39751292
108820862
141534843
141791467
77017351
146349439
141589002
117644973
92531848
68647285
142477029
127912761
121919899
155093875
116587867
57764552
100294951
140877734
158206111
95429558
28623329
166719011
81562486
14306059
73760795
37324035
122511888
55976177
76642008
69919246
155072376
164190631
135026609
43255064
26201777
155504812
131028040
102492280
160493843
116320963
38336770
85534660
141503104
151436992
140608463
73642845
30772611
43243323
161399790
83231174
139403940
141695395
134619991
106739273
40558153
161036239
151467046
150212625
141995576
133930353
142760783
141360841
122967507
77155521
128188073
77074721
26239625
158938623
81123228
92288761
154040182
151425994
148044058
141913489
142478174
110586366
104092196
88849397
131813125
19411864
70921783
34276817
150099051
77196251
76946379
60061773
50874554
46811419
162194847
157709139
154304769
140326825
120718833
107832048
68311818
87014853
150023015
140425246
139156276
132481704
94733198
37486479
100974273
142640054
142298151
140034451
134395728
151568157
115914843
20943708
43246496
34415338
26350166
26209769
128010732
101167500
87047108
85011252
75815328
166622109
164923767
141842123
141415047
140559820
141758685
108850893
94515959
84061846
85198013
18080841
25866763
38517501
24118727
18795396
65083289
33708408
46472229
64686627
114921216
25809500
131175578
105907718
95230106
135017057
66989594
75348073
134538192
22559608
27734285
79583353
65576406
33845190
20548296
63055080
111459571
53363190
14452284
73428260
37651256
64105908
90201148
48043024
42240748
13183444
25831760
30314415
53224458
85500530
39798406
46734584
94019066
33709258
120578613
59975534
22646240
152988008
148874177
59142596
41978746
69865537
105560887
48940748
122601720
139461060
166246452
122046439
139962780
29922392
65451936
158137819
59801695
33881988
54184582
35096293
44059436
67009310
138413260
22580941
51413963
18823463
60580843
80871133
67112839
167412177
33744826
117709482
32070721
22863837
170508939
16317699
82165352
23366093
54525076
72078499
13667844
167219653
22310364
68281608
29042016
58814014
17568669
71349128
153067606
18828750
26254204
24142116
14262545
81958421
26331835
57636731
157935602
34370142
23155871
69073911
153337460
22403806
121886703
161858582
59916127
58748707
41962759
152561235
15555469
87586836
39164203
48028242
28891972
13842136
110843844
34757583
133609307
94835928
76382464
102586758
113119458
127460847
42386358
12400568
48475661
24934886
96565948
115339772
33712286
100880713
155564092
128693274
46642601
17879438
127759111
54302295
49091505
36642905
29895030
25812090
51398876
114945204
151428157
169553821
155004437
66891013
60314504
21522647
63206124
47973182
86025876
105397087
65720416
40927975
22852449
37777232
111687225
18179856
155497788
21143244
25415028
13204997
49477469
24337521
23103177
172532417
151664687
14639446
24696910
27693173
122465846
57598358
98135766
107347838
36532536
132526576
12362996
18796625
33843093
80725407
151761128
99285674
153116262
148956556
23111335
53412727
128423212
87591096
42540134
126018723
48795659
29226824
28794866
25414155
69007113
14199596
119103257
37771578
28952391
96939122
57374742
67285483
74148303
57676173
53277868
135089638
44053423
24088661
24960288
170715481
25325631
128478710
19396791
70740083
155439850
87593467
14401368
86979540
69796084
67911060
158141742
72067522
67931953
100043031
40359167
133007836
13165438
30336253
13087431
17396744
44678835
60362618
42557384
37427547
14417912
140372044
161087261
73968611
38647022
37130960
75706012
60732484
34873491
142392557
127657187
152427183
133677452
70534609
141394845
153126985
133016760
21088311
41933525
37337026
38230277
78180310
42211648
154307740
76814910
58756159
17839923
44919073
19694956
84607928
46079134
75057019
112213331
72195330
52814837
117203852
13892849
28865218
24078380
135247825
115522138
72006410
60360967
17856461
88027193
36617567
131250456
66489517
44416454
14272640
13228303
80320643
13381815
96985923
70645762
38487244
123919779
13284714
83611375
53319891
147731341
29226656
13205828
17933594
30631324
84619756
81843264
154501012
78188710
18509179
99206837
105082127
76871117
14633300
27600691
25697288
24632305
128413967
127572480
25203533
72128260
152470849
160729026
59502857
59118354
60426119
156529762
69249545
99677591
175326225
28680357
23199490
146134503
125424807
79497947
108624746
16297583
180022229
114865103
18902909
63232521
23001187
96198866
19393196
95289261
20714703
50812583
49726834
34265745
13211908
14052083
22886738
21870482
67365190
68841894
107347017
33938984
109598639
129737688
27536730
27482090
22886510
127544528
69766096
49369247
38685781
30405835
24436658
24088249
37232039
122209480
114950740
96180457
87896278
76070920
85644428
49983351
45227919
14920068
128502421
25869957
161652139
154660120
154965545
28678247
82947855
155643501
18041650
123556215
14657037
36925133
24364899
157168796
23704085
133865003
119084386
20114041
18797566
52429586
16705999
34801417
41561299
13326975
75423276
91457112
57198839
91646394
45020879
33291457
13819763
89390986
115578554
114924105
90571110
18386094
53146366
134274425
149921645
122818581
121960481
110838495
82361840
32062292
72179722
141190910
13218873
122103397
114820771
157167990
53107818
39304499
30104612
24928366
32978529
25373669
22425942
20529155
23086419
76188173
13478065
41775391
12399021
65099138
30101479
24303345
134987919
133626460
18097959
113143525
92433674
59173496
57689941
57830409
47592367
157971692
157025829
152809730
152793277
142444917
70874843
127373051
127867850
111471726
87705237
146961500
69865095
108509654
12727181
57681617
103045952
63939865
40936428
116011409
35324588
13892438
148412740
94303861
162911783
149290436
24143875
13206644
123976402
110795488
111507681
36971788
16048027
69772233
51656817
51647602
52781735
30270083
177973596
167529900
122716703
122256935
113953388
81837566
71656915
49818179
44419099
17696203
13978852
26206089
154632113
23622459
13268132
13205208
13125140
13094851
97921813
85362917
75520362
66172577
117985503
40458147
14605750
13830204
34932972
13611412
167253148
166256403
168005399
151732994
23636171
104145907
123824863
68340763
112046802
64948477
61498414
60715859
59710990
59351630
59391009
57277954
52537082
52318494
52331960
41508526
38591929
14616687
26339963
17432819
13830348
95139522
125896383
106009210
106587073
66233503
108589110
51024191
66218875
125763656
38053081
140050894
118207825
54904307
140145935
50835935
105514907
114038549
62946234
149605404
114046061
62990287
30888461
149163749
129209540
26865013
36429105
89967936
90969591
91031284
83710665
126821822
131995239
175796135
33561657
33438846
90054581
153213375
61272228
90118097
44109092
90260297
89994225
83729075
53910077
92404206
58643286
134564100
137394539
86273196
84411083
41408483
81937823
90066752
59803163
98206130
89931880
82582246
126717678
151505274
49084558
150845355
20084186
90492512
164428998
127888709
174310709
158293083
19541558
95077021
129108774
125393050
34631808
90161322
22465357
90150380
90487422
128052931
90818565
175460491
80242005
149851866
173336895
90132332
56330768
131573702
174628162
89853077
172305599
22120516
51515231
19809734
29427405
96978182
124190709
81026163
126023304
32850703
41515705
132441894
113171109
28440943
174534776
99103730
131421690
174940953
17982420
45794666
79515289
149549752
67723117
61957752
128881262
134809085
106563622
127275029
133665664
146468845
95885043
123150582
106631474
110041110
90147346
55496955
158530122
122953173
71137399
34169968
35507744
94816420
118234688
102230970
120067139
127374415
127637712
69462615
70481601
97571462
153098076
148271405
141256460
131175266
23105951
163667461
64848504
57099900
85238569
154974436
33057967
14636244
39350629
128726738
143710086
137487142
163537353
122866726
121407287
70135502
119784535
142689844
99226587
67009652
152992120
123392610
175246413
92284829
113256879
149475410
91739943
21227906
76237247
69892403
127365054
143013203
152022118
130693222
81067392
131549282
86960747
99213350
114305326
137427686
97885195
137889542
50133355
113542871
97476018
110298391
78806029
99405271
153385176
157149692
106988408
19081322
162145071
83750672
25186207
24710071
133717119
47623537
51411806
41653367
152846351
145404190
114305935
91819695
106702987
86555582
125043667
109611087
90785651
51885541
151282052
156025576
25028661
131688073
161517810
77799406
69124544
123290631
148676167
51997378
32159644
21501671
78705040
128134107
127957057
41625214
105829713
143266686
104390007
23223650
19331979
98658997
134352769
159650943
146615099
144776681
109220955
21179548
43488153
166581917
144542936
90116711
117246987
52065846
155743699
71981523
21036590
29682806
110165221
76828824
67997236
106024559
95462881
58657988
143971704
46736848
109927781
94646180
23902715
86362433
109769563
24300412
51989272
158897410
90168952
126134525
47101367
26848170
119957051
138220197
124158796
102006682
123545914
48194879
21361681
76442595
168148072
137902676
71824192
165316150
134640706
49726951
53431740
34048357
176260785
30414965
149309427
101494842
24056702
73168061
81313087
127719605
44277078
71911600
131246852
35151681
154570691
141109270
36607524
137963791
131875435
151983438
152979840
22970128
115734191
16584249
47158264
80611482
127472322
60647393
22195929
74125553
140177107
139060260
104326214
70426653
91113816
142469657
124274741
37489058
69348950
72876282
138716362
61161314
61059440
115429519
20293255
151325951
90571867
65248693
112018377
69322276
39443357
148052740
58958808
111895663
74187736
96409506
150058292
71549036
55668695
133652403
90052672
90246673
150522307
167392763
148934031
132605800
46894489
84304301
77867250
148954466
33454647
105675081
69843735
141606064
35576344
131690870
52642714
83983863
12913317
42877836
51539415
137718877
131591887
165810808
137621580
92251290
142413843
153024335
37908506
151754722
120266511
55664663
104054873
93740998
149442359
39132183
61201204
150010023
102865064
83688277
39038229
51700116
97495325
106162086
21491597
118705625
40753337
49188284
126190118
90252108
67193153
58555986
168654529
123363310
71541246
35305174
25100683
91045285
175553725
144958145
120096254
108821748
82276504
63914758
58383978
38276941
73967689
24551306
12273442
94566196
90591642
100770768
153175713
131309578
62368150
20039077
39946690
58821902
30692610
72744506
19852218
120759325
84442540
172522358
43746223
124913020
112354887
157012037
114637266
100935224
134107197
109174021
74384275
145730854
150384249
18846268
39956368
139584745
132248676
111637662
173850439
143014564
138467943
19019910
21156998
125610774
44030234
55696189
55178964
15143584
128904008
69107164
53379292
103835591
48955833
94856989
144367313
54399062
29950675
140406406
106144285
136697354
166526266
80188672
156852547
91428872
101341863
166056479
90251033
71982397
160032303
172583362
143102829
142352787
69681767
32823544
152373037
123272182
41922834
149438152
112935003
76509538
67846002
147184051
121561021
87841474
83576302
169664087
16294780
18919094
79722038
75158776
67199072
57418519
156230117
156035181
25991687
53578904
37884961
37410172
33958453
80330885
145339154
98996512
139169059
35566178
118247108
102314452
144195614
90515876
77542555
127279857
124107942
153048773
71128677
150209313
120499954
148348537
171996287
163583947
120040537
92520262
151652939
143592239
138279155
150559768
131582624
153012764
138009580
128052575
83757856
132582817
30762001
141795526
52649382
140147578
44815488
149427631
58620470
46766149
156493431
123965490
35529470
141629873
152711038
155228947
121109620
135675629
130441121
35306184
123230350
172951758
167704376
115315064
126899943
43922583
174198192
158082770
25143481
67535840
66696570
25589858
98140847
58810196
52062023
132519070
34833895
169632293
155360893
25128207
84238772
67792898
41340806
140677962
82106953
90551663
135089460
28460824
164405841
83047289
55954835
21297035
83544967
174536401
179010716
107089909
161090781
66199206
90072741
61760861
74468226
138870281
147165501
80002067
76395233
62215672
45459885
68137000
42110492
34196133
30234206
12313671
76421167
47165184
14230656
149886058
101885661
135006764
138039960
55358719
94478394
132635868
163706287
89543789
142079687
42853772
80007208
54192825
43512644
158139047
106601516
105754327
119428123
137440792
71634545
25490188
156539517
132783683
120936714
96482336
69730607
180130279
24397161
93276779
34649594
140153203
174854588
140998859
121341597
39968937
29371981
130950694
66586198
77448315
141699490
34602798
142354728
114100880
13583361
49832256
141693088
21804718
112162128
18874837
121339558
90517679
29338527
121176226
106864787
48144040
41768633
75434778
38969800
173966717
165365913
152480768
129365108
131029607
40449736
90053957
175239362
127982867
64947460
31868340
164197017
107564204
154491612
26323766
37357822
36712822
157163472
143333840
46754483
173874185
125224363
141565500
17229407
158101680
157149340
127344710
143431782
177874579
139088427
89652546
90531246
175567346
90597764
90225643
91017981
174396235
176036919
174318426
176067666
109713555
175207753
175822498
139241807
90573732
104976224
175306196
90537025
91107792
90394348
88534869
139004566
90327874
138826882
176968013
90997828
173527435
100050269
173380902
139413944
100064305
33572009
90402658
90212322
139909138
177947881
174217835
173474638
174194142
90556225
90436484
90127905
90102233
90236802
173819486
175224580
139203139
175590240
161787908
176034537
139040444
90396644
173451015
150429543
90103765
134471680
90175840
90561262
139291105
90545508
139136285
90850756
172635882
174780662
90045556
130084999
149611814
101072257
139093953
90936849
89958382
139957603
90218706
93449525
90400347
91484436
91202929
90045455
90395872
90164734
90107222
178718132
174689200
139430220
139233423
154271180
90109531
109790524
173500520
157321445
139155667
90934556
174677957
90716688
90094320
175468780
150648287
90844697
176166115
174801217
90411454
90851710
157148693
176541085
90396861
90113198
90273570
139606687
90543689
90289593
144492808
94013979
90961401
145389243
93834930
89973766
174778674
90850246
90093581
175596202
175374448
92341210
174034202
139756258
89946179
91944861
139177091
90078989
139257456
89931777
121804483
90631355
91013270
90413715
129916577
174386289
90351290
174745590
144016209
173331373
49246507
175286097
89970476
175215224
121728156
139415019
174521285
90469855
175843856
139289032
90104799
140122595
90074975
177099759
139798187
89811435
176041001
174520496
91077863
90792288
90121095
90597570
89859783
90215558
90970259
90149024
91438474
90255620
117069600
90840612
174739445
139248766
170540406
124146631
174872568
90374385
91019992
89960921
84854653
116899662
90107916
91473291
75264334
175278297
90720844
115223283
90116247
90122699
139543930
90475858
144247274
139176399
90453878
32893725
90070429
139029087
108888489
90078955
90577508
84185419
91109022
90125403
91440805
90031552
151754364
156314026
139557028
139055153
124019558
90863120
178548656
89965037
90473443
174974673
90899931
156395315
142053649
139236029
90040388
174830892
93262773
175385202
139680481
178957490
90107467
90753586
175377281
90174935
175266087
175242923
93893941
91880368
90389307
172295222
140560839
139267871
178627412
152878174
90391524
32967354
175103421
174692930
174418947
139124050
93448990
139491733
175294135
35166896
90398585
89941755
154538073
154019069
139328136
90373170
142281472
139335237
90600527
175497582
174861644
174673919
174513676
90254061
90032179
84730427
175052560
174490506
138968048
140394740
35183561
175252295
174530076
35042566
90079688
47723200
157000071
139314409
175353721
140408670
93320407
174835867
91833879
90460502
90103912
131061407
90492980
90642582
90174562
89979630
155873694
142091157
139266855
132088723
90534505
175321465
173738736
173613512
139499554
139268456
130236729
90343657
175266407
174867374
173748829
152316015
101184286
90544618
90098630
152879891
139972861
139537364
132137099
24957963
175291300
175166353
174989945
173626854
169501703
139556901
90396340
90230552
89990641
175169159
175308727
174402858
108167934
90457482
175152040
175103956
174501738
173713919
139441518
139284334
139313724
100126683
101646979
145983631
104544097
115107840
104293223
50649411
133918202
13175646
120932546
25503330
20729545
82915018
154100032
12934288
119814118
35479709
115468016
81419097
25951364
64962616
35561636
137527463
56376581
34676639
129163483
154172194
108274886
18075026
58818942
154122954
19300427
40765329
39455908
13520208
34681565
137724659
55388956
13149995
134741466
129164496
18168046
76454857
58845178
15713288
88715096
58818585
123654281
87634983
34430117
57662963
16810984
12988430
59968415
96416305
49876252
82673140
23413619
164454291
16826786
162017768
148988816
65726549
149235266
81684795
169644556
124898736
100634086
64993351
144357639
108726122
26931322
73999432
81798609
50894063
72595890
172627063
149686586
134691643
31487231
22954317
104208423
90322010
25331592
70065306
22738255
31394653
25323880
164500508
12353032
104479588
120941489
38663718
39214557
169638634
100841442
16628186
124146726
23157314
169747724
12262400
128671531
117115392
65143918
127360394
115966630
32883679
12720585
13280175
140968595
119006506
44321156
77939399
43514756
149139309
90175266
169749873
65117501
59873861
173846081
166770697
63922674
104072795
77852369
133368018
17972687
179222076
13277639
65702754
63022210
32817820
32611650
153038048
161558397
151444361
117279258
43976190
33394533
16464359
23721028
174685271
152698903
17227434
141362110
47097856
12476135
12910172
28641209
13248939
104465251
61181091
62875049
33136579
105912508
31487508
175792931
150276197
167441941
23880131
105676515
142077239
62810178
167723570
126107839
18940728
19401334
14228962
159277533
58258057
151645962
21233577
20997989
109598404
169276572
132281039
22955497
28656034
18927314
13115619
72122909
55301038
12462631
168631131
167448558
151358335
34835257
177691681
132151693
135846914
108132516
23822085
70203458
66579867
63901764
44294614
151099386
15449740
39484011
175079816
151275938
151253529
89748015
18918751
13602724
39954056
34054039
12840320
12907973
57856644
76904785
38725622
32950089
112205950
48248631
111655538
40217657
167870206
111605444
40268923
121493590
57029560
56652975
148355406
48589936
139040768
46764968
121343083
132066670
113248251
161783800
90501158
74111266
36886987
136996843
132235276
150585634
68503191
43517930
81451235
180176680
144205326
141802546
82778981
152505916
35510926
28941348
43522354
164972455
135321500
123837610
147394973
129429628
92093056
90458275
126293218
71685114
155718540
94597396
83942144
127919512
90082554
113815747
120090285
79253319
120011402
87495575
65411657
68909577
121853291
22005595
121855248
80007608
121147136
154392089
92736280
51940108
29304483
163286844
132250847
113168441
105094007
71135530
138069678
149086328
146071670
123519887
64468531
112550359
102302062
152030443
76352545
61249660
163821482
156954264
40432501
175334289
148079397
141029333
139608967
125690670
119784785
79735964
137276550
119792261
41954337
145049214
93490748
88939100
64814295
141036748
154291405
137529423
90063692
42659925
174175450
155757759
160029553
147983468
90601123
141408697
148693895
24492553
132137595
101634276
63641956
147067145
110117930
105357310
106096926
91261618
68373712
88120604
63313740
176633249
159156435
127965132
155955446
88841322
76315731
168209815
146587241
107744438
64804155
117635154
121745953
170054833
129798571
120029306
117198011
59011219
78844658
134961590
152317466
101671353
144183865
89982874
162727137
39031293
31511733
167575100
153369805
126057071
105622457
101551275
121862414
152426712
160051977
141402397
117879290
23709648
129506236
90489806
49101902
168542391
155943561
128142199
126297568
154338570
67328623
38862218
158914332
121840789
79237492
85769046
88245712
163019264
132299458
94637300
52004153
39302458
36350172
167363215
145032030
132740342
110133735
106778101
102203408
64730016
107829335
164000143
101929167
91559353
75996304
42573321
155962140
123060333
103035830
82785354
71598487
51980027
75767253
152944655
161181657
49323050
125559542
121510461
135983998
21261416
56393757
55726354
177784095
141724153
40628698
129561554
128978814
130715079
117625757
108873041
67646870
15385710
146399966
130103971
129767287
152086644
71681620
150284950
87631069
167778166
150632327
154485214
112789058
123355263
101665650
143423715
88940695
87899654
80604271
45138977
41442872
165075366
157513393
134877002
111340426
132000169
79187469
79958190
48510042
38828175
171131006
167517289
132505135
128526336
123803252
122463767
119914723
117483861
33699512
100078092
72824645
63518834
56791605
29319034
150934968
180487617
28781167
28818596
144535632
161605738
144241189
26243159
17742114
147595637
40591278
152563969
15210893
144519275
173868299
114288417
157774154
139618149
115011594
17379128
113121920
142779846
31695539
31756872
25004869
143610869
15210204
15265519
147438347
164778988
139418420
17367613
25191050
36403174
18216362
73521529
144188027
26235665
155339286
91446947
43735987
23711405
82615950
144116884
105402257
76253154
18215766
30032853
23750720
84514961
44010658
16085651
24663656
116251247
24978305
54320521
55000666
91377879
94768921
70798699
95438706
24559554
89145038
24345252
101640137
29618585
152679250
86602966
95294358
106116343
120633176
71394133
134427120
24234193
24240031
37170424
100521653
18153613
90736903
23302503
23909704
95255272
51552384
82797746
31455546
100796070
15884652
119778550
12592187
159678144
110159647
13512324
46677426
82231071
13098620
15730117
22529392
64859486
58676250
85444024
114751153
120660978
133141387
84032805
49929786
20356001
51627149
147424794
24277701
116801779
130826563
103227924
100302541
77616356
60669422
130559382
48650450
41962838
22961657
102038191
34284330
96682815
178281485
80898619
120944746
13126244
48259938
147655436
31921336
14014706
32792207
34804577
14228172
144533437
80914141
83635940
23755216
139842331
160576272
16055893
91805800
41993706
15512033
103332128
72758142
139481378
28465543
13926282
58999540
72948056
88272860
74278297
71762955
31667666
23452462
89277136
63525104
69733783
21901765
168050950
17901883
52965505
87841221
64816509
41913203
33458298
26172398
78096389
119738396
135866702
91325509
69097229
155079619
13653084
87666818
69524949
42632783
97064235
107349435
122053848
54940514
74779480
144209124
67082348
12260724
109994709
82949813
54505223
36442632
23794013
20188768
38015743
50384966
15728947
15911013
108146170
71576250
48430798
102576752
55896963
23798553
43742530
25948883
107490984
22917679
19053702
22191772
18175115
28231496
14018448
161894022
24659700
28241241
53795959
86760963
64508166
139084106
87802855
65479687
24089751
17607274
25988978
160989012
127706751
85447650
154998358
113046819
70003921
12679496
16187214
25154094
39940807
31847473
115665852
21994450
157634769
93468920
67177343
116295412
49849812
45441194
116234336
110090667
21489547
81019751
39092381
59408433
16073977
81879439
174598900
142535774
153567695
85530960
43002915
170833520
113293318
136679081
17416874
64151574
12704436
14401332
14252987
70434915
16598381
31434405
24640080
127832345
76370455
151216012
93094591
14164726
23803421
45415785
12228788
19709747
21711234
55937366
115312125
92090896
73250904
148006552
47636607
37092136
70755368
15607598
109210489
24558814
76493294
70844299
128500166
45569972
149421170
31876641
152327089
90975593
125040625
18004852
54829986
115884268
15825138
64260919
21704569
166238142
18059942
33507423
124184696
23851507
12484020
38036371
154480559
69532987
83582492
150217660
156505966
16460941
29955270
135838192
20570811
75820809
85813729
73250261
69852591
54705401
32777291
124529602
26279760
89517837
43940125
37196073
28520363
12888902
86150303
85561715
71656941
28805611
98058559
43156441
75202300
13924782
12915773
26855510
17210312
93809870
112185034
36519612
18700009
18849920
79080222
17030287
48727960
61456198
147677937
30983669
52472294
43257849
40742185
38907555
12351100
12690826
23023127
22295459
146523789
58900887
160647576
36629439
177826277
141153060
24481466
91286836
15946918
26878790
21461218
23687002
56050379
60262151
12523731
98131765
37679649
31208028
38185308
80976055
167809446
161329021
89480355
19871005
74844724
51016565
111102239
179458561
178604717
86399814
18218034
73090364
37034267
34078149
153956152
12344129
35323518
91700819
47898617
15690782
15508220
35894297
91244435
71689119
152362102
54755257
20812157
22168168
122706743
27404145
26857609
75239050
95790603
91551818
58326357
53518626
71157167
61924989
39444476
24887815
168040322
160946715
117222000
120125563
83975611
87996646
47306875
43473224
127933877
20577645
107560864
69871973
15577306
43928542
40763579
136624674
75306040
35792156
54628918
80579438
37753577
36825898
32790838
24516596
130905800
117222774
93220653
89763575
18228892
76012689
82341600
37842667
153324791
91305106
76398221
76280016
91269771
96177086
48711228
179779894
147970837
101593677
93814546
89495994
83881346
70273486
76511020
54054841
12764682
174627990
80974656
101477866
18056946
80492838
17060730
54086892
71064933
52202944
136528396
102709473
161358983
123992298
29276390
103624548
20151586
77993903
39691301
56191019
32921853
79182424
70088873
81698946
33820724
110725741
143773431
161852090
136251248
16004076
136246822
136330633
102716287
111489820
98558611
95794347
143780618
70998480
83639547
130230580
40938920
136249239
23942834
67218284
26514753
140949938
41336552
145298968
115709923
49070931
129815145
87960123
130425044
130450498
26254459
103867155
88840753
171462696
16108702
157059239
152077206
129679566
24071715
174110295
155361000
85376317
69699924
39311347
43599414
89323103
24708670
130995653
151383491
151209621
24047736
98254660
124243444
29868469
77655656
27359260
111982274
170792629
136436219
18711695
101788922
52568651
45709505
72257976
56316028
37059370
127847340
139636063
85423291
48327204
55465924
46480923
136455413
170526318
87921333
33940148
85643829
168971569
77516563
165854828
174192772
174739686
34615791
22877882
46448168
109668492
24399608
91766306
136419492
18718114
163191937
130157565
42145550
88224876
115202408
121789285
91589440
127827771
105059002
76692876
87341743
28236460
31031280
25269906
110484722
154296097
125450382
133921406
38405230
119866891
170490311
87788004
39093164
81715181
139614832
35405121
91671022
144404742
168781179
130277307
75574944
44868481
108838670
81528044
49598623
61345742
73174876
150879976
88839769
170283339
109352865
44047888
130247981
136824185
105381384
115147899
126599698
131047188
134241676
61535363
42876279
68258851
34804957
124281331
119176740
25338082
87901206
36832540
62340511
75152620
141262372
93494556
49934186
45571072
102797558
119016910
123993202
93421419
143079612
165438720
127192245
121517333
134512194
119917248
33963748
41998550
102629043
30656507
114014953
112378856
175236612
158033735
20898149
101701751
125549802
67228700
31453424
78447733
147240627
160662632
167068267
57531270
35769228
162736091
154267935
157972723
38847521
154228960
113793952
105136277
38497224
118492472
81767288
102647355
91330365
154092609
21350061
63872017
122481430
53815818
29987148
129938698
145219653
23427507
146798409
136553647
20854236
91134905
119171071
50965675
27954358
101543601
50454614
75413997
55369273
160939791
57787304
44684048
34006724
50107373
40289660
167299936
33384045
158840568
135238331
62931992
91371017
109195331
129890926
126277289
56713505
40514874
161841048
149987113
125965217
56116791
53724792
53196878
148836958
99357577
87932890
42995154
39780485
44546719
73482773
155368886
135276508
67446402
17469991
136420369
136443689
43938304
75200618
170310067
77029049
130529758
127093088
145721750
87070417
81703867
62337147
42406062
32825549
26294774
26726155
154298825
130237908
85416630
34410864
56280770
91191401
101620514
47945079
91344070
102625551
55665858
33270643
154161903
91063907
104467647
127064850
161389370
23418060
134628575
33573031
135155849
85774195
124436911
25851811
155945152
31132339
138595372
90875272
119924804
77566689
72665568
16180007
150807840
50270795
163583009
138931124
138716180
120573176
118080164
84239995
79368003
59991276
131527450
130367437
67943101
61904775
130188223
99920896
62975086
52190570
43169999
102629816
55659019
145312614
143120272
124475267
25409621
134645357
168035872
129843645
129156618
35601795
53620528
152744214
139201012
155433497
131100127
70375896
52717286
42759873
141382248
97737295
91377709
69953248
67476864
24772623
132065604
98708891
86422442
136357973
131341981
56123193
68439235
45487808
148792648
46552937
154854818
146801718
139843453
130203981
34579373
154091043
143131787
121662606
104459524
86662009
88263793
129987936
120374605
102734528
145710350
130442292
109622701
75654571
70371305
130090937
24772641
34020879
98945632
91056200
62492705
136434839
113144496
50092960
169934001
130368115
87921906
52902640
140253648
130241723
86279820
112520896
111575803
176240157
48863127
145416875
24420837
150653344
75088568
39316524
35409022
129808947
139767559
130205040
41338587
147270190
21205410
129927101
170131692
110795623
20255931
63040172
46507021
126607427
83465502
60420997
37509254
103899813
125560951
158024394
89818367
46075997
152152059
36456866
50268208
26687754
154211111
140014011
138731159
87946906
32957765
35854138
131548348
130099760
55125670
79765440
149925788
75463768
74841142
58601573
42945272
44288855
39178127
134595737
102709272
24194308
33833005
27510010
13355862
95790621
87022277
80607104
43124427
94933812
92124518
63515790
55581515
36896370
70503852
88847626
155574811
33463181
149982522
141565505
125169419
60481489
102935368
48112975
29385163
131389925
20896117
26748491
75753539
57608092
71216162
34622771
31186806
28894366
143081892
78468504
140789791
28672161
129679020
128498579
39425737
103764525
60577240
38938054
28820770
176480946
149180647
141343309
20963323
101729884
52273306
36780669
44029114
21479367
21154641
124431156
87964345
80449300
59250286
17557007
20851241
69677596
56191480
53900813
87529328
42381618
140038239
24399076
87320654
151598427
138226259
134462411
100815393
96054785
71751704
58554567
45504951
36095354
108772973
103440574
115255251
64481533
141482960
42968300
87038510
34890892
75980533
82534657
47314765
36166255
96091656
63538292
59559908
56411248
159064060
134941744
115157808
106250869
21208371
73531180
46065857
101607941
38935410
15946212
149347056
24243584
28847509
119813769
102982109
13847083
138989816
130831160
41969426
38857215
155002935
149021025
133205971
130038767
124201622
165242274
117341899
85577423
140808675
62820077
55817023
55772830
42388395
36514430
13882557
130483165
139242739
119999794
101388201
75640211
72301406
64692386
43436690
39514066
33574180
30299551
28782043
61220129
37952152
19340945
39934837
157241286
111100619
161683255
129230063
55914708
28650995
84454365
43199258
113596933
24982453
24820163
130629735
127351525
87704804
80175392
58475061
39333415
132137551
130835008
95472851
49729028
45692424
53311598
108795395
131492152
119894316
115556260
93794927
74321872
53621428
81815292
94801331
28297862
175294005
163448317
150647650
141182661
133178306
45023518
91090205
18337151
133540722
68509373
65868933
64849607
77897823
137744816
50301139
37064901
27544048
108941274
164476764
155395487
24348858
138151807
22682221
119123426
175792013
25550029
73725856
44520776
49581226
165270989
87048282
70955584
75158451
65026706
33743687
171285558
136314093
160541906
120149306
112590151
117711279
74144583
130594046
97935881
48637407
40841493
34211956
148135855
151326516
122918707
104322335
93764201
90368775
13747826
136499565
79325416
72262892
55108288
39294917
46893184
161902992
153834481
147850599
145301421
136353656
134572910
34424790
124934020
44143983
131581090
29927998
39295153
37211912
40465936
24399059
148021731
133599652
102709633
90342152
115633854
87041928
73793880
67983307
52022501
150288052
172427417
131876536
173748785
113945443
111316802
12255902
78368530
85484277
90543645
34235147
34714804
101495490
12228221
83774740
60506017
14089089
101705115
20806881
20806281
112193887
20821156
54640576
14169664
15633156
24729473
13034737
58148605
82255871
70429479
115101486
12414245
27387066
114844341
30816138
12641455
14334145
15113341
30965423
15652396
104471002
12242518
17392488
15198094
12236930
72993957
80873477
21094996
130842121
14090471
24726869
27296857
159374527
12385420
55480653
18165773
85511098
102223677
105041947
110674692
17952513
16035959
15388321
19680191
73008357
122620008
13461287
160676120
152698617
23592937
12907382
55644323
15653147
139685780
12791161
125520529
21183086
12571443
150071044
18261595
77617270
14781578
152842502
87078357
70452985
12260756
16736067
12350583
35287443
14113750
42790688
130937351
12233571
44616122
13669259
13668698
110687292
12907613
147379910
152903873
139639886
84940165
18193496
32722898
13151393
23589685
23585775
57749389
15822925
15013691
40495932
14780365
12593745
20489082
52326339
42181689
52407064
125052607
124987161
42215017
75996256
141000616
26656947
16275649
49569893
30630044
26607974
49209055
128241514
30124750
26615644
14893851
78254676
53241227
16269910
30177818
61834257
25993245
76122504
32532191
53237689
49455872
26636446
32539820
49378444
68311917
78235714
83455280
13299786
72816532
59686462
19868233
87992599
13299278
25989086
21472305
54476458
49430472
123718099
61818609
18508965
157471509
48218269
54292724
126647261
76502405
113841222
57326917
146163380
26966444
123750341
123728753
12641339
12231670
14155910
62262756
24319872
19868846
83457766
75808727
115892210
53174458
30637562
26667784
61826608
36722437
30979709
60771417
58248114
12421852
107141503
54491330
53255244
107208172
13641914
24322415
113833050
99443726
61683896
14888884
120726073
81174055
87974811
90147382
113849303
83011654
114983930
89356758
42464402
13095755
170779376
170245700
170480766
170522900
46306715
171357731
173813000
173941514
46518834
172011859
170871455
172111186
176211063
171428436
177116289
174328317
166353234
171473586
49951399
54813432
91443891
19529410
35185677
60252083
92089710
15854031
154435197
15066933
19521499
82995464
136450109
108681446
174933463
110071873
39941701
38125559
92085857
61695607
24885779
135082909
46383464
63084957
104852448
55461643
64761299
91601874
28976021
134901505
103676566
39961537
105899844
114466695
78328985
102492901
117873545
110707388
104106561
45609523
112536799
151253988
123946269
83128011
110134177
47671516
36374997
93514477
62707287
122059352
53889664
45070773
74666266
53983083
112365498
108909114
46905075
44569957
74309079
88284063
110681873
92129424
45359642
60086389
24158079
102672615
44187800
157011400
138324370
110872917
47816967
25970593
129015658
174084772
57284252
132930144
132784366
111515077
62154454
114816755
50261000
15578255
45253756
91477808
139931140
93461888
51711451
101411963
41499469
105619829
44951083
128053415
122194291
112280806
47066644
110318925
68493411
51169464
119935943
90946083
98050012
102772218
91900952
70768220
72421324
70428957
59045906
84923267
110646555
23896265
114849338
72237192
108356075
19289338
42305751
110585554
128212955
109890053
55445997
74327790
79562189
93851640
104743064
69744542
130823991
112440262
88869693
74689685
69414828
151609815
109762028
110200879
88339496
82031916
68343844
48013785
132574610
117082202
110827223
65039994
85277089
69750129
112754585
105703618
16318374
55072234
50832403
60480144
110640303
110634007
22222662
109418841
45691624
15852645
125595492
47819664
107232336
160486294
99075664
133368340
97384340
108658412
104863339
37076484
135803684
124271855
47672939
88823727
160336559
119934955
102658379
42709647
54054160
26002270
150963514
127098958
88403696
110788295
57410486
40695504
52842211
131267774
68095851
17341012
91788624
136743731
134225138
132797149
132091516
127130429
51770102
50704499
114320832
93713621
137907864
96460476
69811383
50617290
134844097
133148837
128073028
113991117
99477249
52816220
111899172
76547412
30488343
40683288
135780461
134678358
80532520
96415890
95600623
74536100
73997303
67955760
71728299
52857112
128656713
76923828
46340700
27459691
133234678
132813092
99524023
83905505
70448646
109983639
93014727
26083662
35099636
53140470
106574982
65135313
58452829
174896721
135114647
126603145
123494232
120436662
71489265
70027886
67954767
53521573
52824140
134356999
121414305
115232437
109923562
64137245
62503297
51661511
48611524
42792423
15394091
13883124
165390827
133456080
115652636
127023200
93578421
87993357
137521575
110480885
70758444
50168533
46888827
30750727
114801382
113034303
103661410
80180316
16319282
102668111
46332124
175040246
50641645
74502055
17325686
134509403
117072274
110694073
127585053
93397178
93041663
61824040
50899319
136741334
134874920
123592213
112476622
83717592
62764342
55258241
48588874
41530906
146655099
115128151
110447744
67189266
50277572
138332702
131816802
114124396
110047034
68011610
47057870
32196579
151257634
110878396
155815511
69481462
52849596
46737373
44114766
36540061
139057195
89732646
32019551
128732236
110588956
89402532
131297478
127091585
104195277
64149857
35120632
138109464
133458189
121445426
116916120
110531234
93409385
64683744
93380037
45444116
154122480
122309666
101711159
70761649
122899240
70122476
64757506
177889134
133764199
126451718
112816338
114927666
102832494
95654743
85110035
62001013
140612568
165094319
119984412
107624149
110223402
30981495
52827739
59003788
12435586
138146901
132928266
27105584
121122680
151567555
85805894
74742495
65056496
46121332
43063380
102268859
177898552
134984884
98941781
89880725
142847875
61611551
156336176
117061732
110552773
84716602
127189687
120441224
151170314
112756575
110449921
113979026
78384204
134095804
19147218
116776416
61401801
39221589
102232238
44286077
36164113
84237102
108834746
78260328
36070266
24650969
21485473
61406551
42431277
21948459
50797035
63280241
23646331
134099410
71167918
124837887
63435810
114435094
114858467
57328927
137489486
118000873
117887379
43126454
70786358
87380062
42727972
110922315
101873459
70415868
89226311
49487284
47180217
44306005
