122986375
122931559
123090402
123059696
123136892
122866115
122998414
122927921
122921195
122863478
123235372
123060233
123088929
123074161
123083794
123092132
122869853
122918096
123211913
123085710
123083152
123030078
123255436
123196335
123167921
123030727
122994215
123107149
123023190
123244172
123131216
123043551
123156295
122884507
157717155
138220228
125587739
125509210
125260866
123489606
123297729
123291655
123248303
123220022
123205143
123189317
123188665
123169370
123159617
123136729
123135180
123130013
123117452
123078773
123075076
122939750
124430226
123455693
123244696
123236732
123211504
123143520
123088560
123076138
123070038
123145886
123081654
123033450
123134293
123066421
123015487
123016735
122895202
122929953
123058285
123059040
119081981
119473726
119198145
119169666
119142144
119087855
119157289
138161444
138262314
119176275
119224068
119085663
119100865
119159781
119147068
119185573
119079537
139554611
119178845
119256252
119080315
119745278
119160373
119098765
138213949
159062291
140919792
139420386
139451714
138298418
119128989
149339087
139402918
139396791
138222774
119463414
119458406
119448285
119188847
138236757
119159648
176839678
149655847
149381785
149368812
149322009
141218553
141025070
140927931
140900669
140894003
140891060
140889950
140646734
139858716
139634942
139615802
139520056
139519646
139511776
139461013
139451913
139443690
139407330
139393395
139386784
139385262
139170868
139160013
139035023
138799017
138786587
138452067
138312771
138304865
138271922
138268637
138265237
138259367
138257442
138244858
138220777
138175512
138163899
138138522
138099826
138097501
138082320
138015489
136283243
132379520
132032506
125057041
121698045
121607201
121564406
120231952
119881197
119733895
119674863
119608405
119494517
119454471
119383445
119378510
119291662
119288664
119286130
119260606
119257314
119228461
119199423
119191156
119188736
119188246
119186826
119186246
119177448
119175555
119169639
119165758
119142643
119140322
119138092
119134192
119130377
119114594
119113892
119112764
119100281
140924858
140895061
139517203
139507858
139476214
139451727
139440077
138587316
138302543
138274292
138254843
138202794
138197197
138187084
138168127
138020269
132519039
119677196
119285421
131294031
119219949
119144688
129929039
119092625
119463937
146451667
161290993
158562920
146351284
158515406
158841483
158928512
158939279
158318438
146349439
161084880
158405674
158941391
161009117
160844314
158434734
161275417
160459334
161217385
146373764
164137200
160023452
146482041
160382921
161938331
160682362
161445121
161655939
158421604
158888677
162234394
158978034
159912690
159657684
158636571
161200458
161716144
161542230
159010119
146453901
161392448
161319874
160347697
158956907
158937285
158985493
159746077
159076215
162634894
162176810
161749590
161724575
161711817
161699231
161690675
161639757
161630839
161620930
161610163
161591652
161564852
161563125
161555213
161498057
161441187
161429085
161399592
161283395
161207964
161130973
161115034
161073774
160482623
159929535
159803256
159640869
159545942
159464358
159377823
159357723
159159854
159142137
159055846
158974654
158963947
158938877
158903625
158864247
158821060
158689090
161204503
159506806
159000901
146361845
161541869
161351371
161138962
159511103
158932287
158851130
146532750
158875438
183913735
173384331
167199149
164209512
164085598
163131819
162342119
162254146
162132040
162099202
162079543
162067152
162062523
161985269
161982856
161966872
161890182
161791737
161786951
161784392
161778171
161664377
161567295
161492701
161420170
161388822
161281395
161260303
161254983
161193262
161149979
161101211
161060268
160986464
160974615
160967882
160961204
160593923
160063306
159981159
159928240
159923330
159657008
159525333
159461721
159445533
159343973
159040577
159018997
158630100
158562557
158516889
146582267
169849883
161526231
161264574
161217528
161113214
159431872
158631788
159024437
161390528
159302128
158707058
146530339
158832298
161483174
132034446
132040826
132062837
132058001
132051780
132082098
132046538
132060372
132068373
132083663
132046075
132045904
132030665
132076915
132025449
132067878
132071636
132076355
132067891
132073041
132335820
132062928
132024784
132807997
132042043
132890135
132058253
132065882
132060114
132116118
132068582
132040968
132188472
132154436
132092017
132085650
132043266
132141722
132060188
132060889
132057843
132060634
132216794
132038653
143727982
132275568
132046459
132041592
132075743
132027834
132037337
132054766
132996677
132201645
132184998
132075314
132133472
132177752
132022837
132067214
132051227
132495933
138278769
132000189
132212592
132070901
132041320
132060762
132030888
132028134
132080710
132073974
132068415
132039314
132059382
132080216
132078850
132074066
132046592
132041007
132215722
143588786
132314113
132304896
132079410
132060419
132040108
132034696
132160703
132149530
132136469
132063559
141756331
141613448
139432896
133040892
133021895
132947973
132433256
132404138
132381519
132229670
132192583
132149887
132094882
132087087
132079968
132079319
132078917
132074291
132071828
132071533
132069001
132066848
132056613
132047216
132084005
132057654
132057511
132084031
132071194
132378175
132078627
132075109
132074549
138281871
132915397
132130643
132173193
132176099
182904454
153370268
150624319
141688291
141482558
140319437
139601747
137024815
136134179
135775408
135694687
132953102
132942375
132916479
132730443
132649503
132542572
132487064
132465629
132463343
132445538
132400728
132361964
132346292
132340710
132327604
132327602
132305302
132299992
132294743
132290162
132289451
132271719
132230384
132227724
132227592
132227380
132223010
132220930
132218503
132215568
132208428
132207854
132201869
132199490
132196269
132193825
132193538
132193345
132189557
132188287
132185080
132184634
132183018
132182139
132178398
132174134
132174103
132173766
132172766
132166495
132164522
132164139
132163420
132154326
132152416
132151488
132148805
132146733
132140605
132140377
132138652
132138240
132137499
132136981
132134083
132133889
132133777
132127531
132118856
132107724
132091385
132090613
132088976
132087841
132086905
132086678
132086621
132086317
132085993
132085941
132085534
132085307
132084842
132084278
132083999
132083756
132081585
132078511
132076919
132076657
132074036
132073952
132073937
132073852
132073347
132072796
132072706
132072500
132072224
132072055
132071482
132071389
132071103
132070746
132070599
132070492
132070484
132070468
132069335
132068498
132068407
132066658
132066007
132065813
132065207
132063368
132062662
132062279
132062126
132060479
132060207
132060048
132059362
132057292
132053649
132052891
132051540
132049047
132048762
132047960
132047544
132046531
132046103
132045593
132045011
132044547
132043491
148328628
141487152
136929864
135576920
132924674
132486001
132445375
132377517
132377212
132372281
132224445
132215619
132214311
132193801
132193127
132192111
132187984
132177416
132176542
132174588
132172444
132160533
132159116
132157590
132157160
132148650
132145494
132141815
132127739
132087499
132084066
132082358
132080860
132080729
132080205
132079751
132079242
132076984
132076430
132076370
132075617
132074826
132073707
132071243
132070432
132065649
132065514
132065436
132057153
132056013
132055654
132055270
132045504
132045460
132042482
132065384
132048450
132051709
132196553
132045033
149567074
132381521
132368364
132152648
132091058
132085600
132084570
132080479
132080174
132064374
132064256
132040042
132349548
132060996
132063410
141519229
132937207
148235295
132158247
132057060
132146483
132212260
132147072
96780266
95964332
95935338
95423512
97936981
134873530
101805152
172518902
172192950
97098004
95617593
96242625
96090686
102027589
95934309
172348348
95347227
182056506
95947352
172584456
100186659
96792438
172353746
102011018
96083393
96307496
95365346
96085711
172315380
97285156
97406732
96131996
122575588
95419962
96746517
135556382
96791785
96000483
96253937
172529491
97248992
95351305
101632509
182041858
95429766
98671168
134730316
98113465
96231787
97940329
126107937
107283157
97857269
97745153
97016794
96854885
95355279
96717776
96598784
96027159
95359222
96197299
119331685
97563550
95940825
172297761
109025253
97774346
96694505
109302232
96031797
133337846
111790576
100118209
96146525
98038927
96096047
182391761
180713777
180457443
180399324
179832070
176454562
174572215
174303199
174241310
173882784
172865753
172785036
172764593
172606277
172541829
172304969
172304601
172296587
172294463
172285222
172265789
172265352
172196739
153229465
142275104
136226464
136111324
135734640
135710897
135695898
135377073
135350591
135001757
134920535
134844475
134775532
134769615
134755396
134724618
134706281
134630193
134626973
134448311
134109324
134107886
134016751
133900400
133866876
133825367
133823009
133678502
133663399
133622619
133617966
133538276
133534915
133534603
133439975
133323905
133304673
133251728
133216659
133159615
133113641
133112383
133042358
132957605
132800671
132767390
132729537
132724164
132667059
132664566
132618286
132586502
132583139
132478986
132007853
131962583
131801109
130844787
128988918
128941259
128926528
128734942
128096454
127606985
126324691
126229892
125069667
124686867
124520802
124418064
124341988
124083278
123988613
121705339
120891973
118721852
116536705
114934104
111978905
109747228
109593194
109309845
107786952
106417503
105193886
104950200
102217899
102141537
102133250
102129684
102121658
102093634
102060230
101792556
100669837
100032582
98125580
98121222
98097984
97978461
97974160
97648376
97613720
97510610
97402308
97345996
97331866
97297881
97277373
97271245
97266061
97199801
97199141
97188479
97187484
97166735
97017142
96998122
96910213
96866401
96860994
96860650
96859550
96859025
96797027
96750993
96741490
96722787
96649408
96623411
96617813
96549637
96544093
96531230
96418621
96312268
96288308
96273069
96199603
96190748
96190092
96134913
96122454
96106083
96104110
96051493
96027292
96010786
95945636
95468108
95345402
179923710
179829603
172425210
172303092
172212965
134727186
134572962
133676206
180447369
133012371
97261512
76226571
76340242
76241197
76267323
76733097
76194765
76595763
76289163
76364392
76214624
116580800
76360044
76229471
76388552
76174859
76243238
76550494
82942960
76176752
76201648
76224391
102451797
77199195
76226343
76200368
120229070
93729786
77167936
76752167
76369215
76290368
76177623
76559722
76221503
76743441
76329875
76320931
76282164
148847734
130898643
122133251
117422535
116651234
104125671
86155695
85326823
83406791
83127039
76996947
76829714
76765399
76745583
76741186
76647306
76505045
76440543
76388467
76373430
76187007
116589758
76230507
76255776
131294146
90316781
82977853
81267747
77612616
76397221
76744492
76464026
76424579
76177369
76312772
76261834
76284545
76257373
76184414
178770395
46590850
93265322
65030392
99050455
182347420
93282438
89164009
83786988
66945744
93156187
93544806
93599398
93710691
158610435
83311102
97258170
132281145
64940063
120781437
97037989
129879034
94050404
93181974
57447478
93651339
64596840
93230547
79906210
93414640
46128564
93851095
93636441
91555137
67872529
93734931
93235501
181909335
46288860
78172551
94506298
93887545
93262602
96484717
93614242
93132584
93610767
46668705
142796088
93376311
65892851
94350832
93217309
60494168
64602102
182702479
181861083
137699700
131816760
97662680
93779927
93431875
64733732
153330676
97428723
181976763
178807227
157514547
121168573
102881082
100803202
100176200
98720413
93703070
93620442
93386067
93309718
93198297
93182803
86214073
64620532
57473702
93728178
93608787
64816667
183963312
183425965
182724246
182590070
182585424
182153847
182147605
182016244
181938193
178825040
178776078
177289740
164302898
160561205
155717800
154690739
154515814
150558955
144619522
144350368
143127788
143044489
142292886
139351493
139132011
137651744
134052812
128909301
127113327
123664307
120618017
120564455
117735399
113596963
104770171
101866815
101727524
100700589
99495285
98340991
98177477
98088872
97889818
97858854
97796095
97682497
97651124
97576179
97326949
97258149
97146747
97130930
96750205
96183974
96074576
95513189
94421455
94181669
94157170
94134547
94134092
94096388
94083600
94036060
94011427
93905924
93897806
93895440
93887358
93862146
93808846
93782592
93773239
93772735
93757977
93754087
93744146
93736564
93728818
93722208
93678746
93658679
93630730
93628138
93624424
93621407
93549903
93526983
93432586
93432195
93391900
93364570
93340878
93284855
93278758
93221598
93210547
93197101
93179152
90008962
85810497
79956011
79945536
182680678
181093932
160641471
76901585
76588918
64831861
64597742
58707024
97869360
93909957
93809880
93753125
122528646
122005491
122024219
122024016
121966959
122103570
122188505
122427417
121962354
121991906
122047027
122775933
122106364
122129082
122303203
122027057
122022466
122073533
122299439
122073529
122120383
122038063
122058384
122180932
122056952
157746015
122074728
122142522
122141931
122093202
121999434
122849471
122073498
122181491
122150223
122058068
178767171
137538353
136075474
122783425
122637365
122538429
122466732
122446648
122384817
122356507
122347894
122305775
122293266
122287722
122252136
122230351
122219719
122170889
122166075
122153429
122101548
122078363
122076069
122058966
123159629
122872799
122683644
122099483
122267144
122024969
121984418
122250670
122185610
122129219
122100724
122003392
121942864
122445474
122240230
122144931
122135190
122102176
122095415
122090976
122069431
122061446
122107380
137690948
141552824
137665034
141543646
137667034
137714299
142241008
137838202
138714946
137703601
137732151
137681338
137748189
142350576
142201554
141649795
141648038
141568024
142323537
142300630
142218475
141936078
141624491
141583988
141562487
137913779
137823730
137792270
137782242
137702961
137990313
137703393
142305289
138067010
137713354
137712473
137720037
141558869
127565969
127809679
127504554
127531567
127593087
127532735
128688529
127701676
128682913
127865194
128078938
127870868
128692751
127557977
127536537
127830840
127519309
127650324
127534626
127629899
127487878
127654650
127550366
127622908
127544151
127575831
127550059
127549212
127559467
128173411
127580899
140158901
132941111
131667661
128946422
128778717
127987593
127793837
127625635
127597960
127460997
129681431
127553783
129325241
150689597
142814261
131700451
131621320
129896818
129677830
129035003
128912005
128857199
128740157
128679173
128632195
128500019
128114417
128047111
127894660
127779557
127740303
127710603
127666031
127660413
127642469
127628260
127613480
127585084
127584750
127581831
127558019
127541442
127538285
127476727
127467563
141436911
131897055
128690418
127600596
127597107
127965430
127787773
127533980
127492856
127563467
127528498
127510889
127459276
127464237
127527363
34998245
36295696
155742934
100613750
35690606
35038756
35712475
35674936
125040338
35669098
48527582
35725854
100589200
35862665
82982565
142585685
120396793
90122490
89662651
35755303
35027079
142531436
103538886
74642162
69522798
43764071
173888566
70844902
43746984
43755396
75383658
43770682
174352626
69659313
43761998
129481380
43750867
98352671
69538485
43829739
151764842
81981144
70857909
154254226
69679252
174847143
173980781
130383681
130306429
114932198
101710838
98376736
96118468
95677011
129374629
70850236
70027680
69640638
69574886
69413535
43799268
43750479
65334788
129616837
75815266
78781294
117385114
117792975
117644973
117471247
113193493
117497683
117447336
117469071
102568215
117572404
117580134
117555991
113363744
117752740
123693029
117725688
117648570
117377372
138148711
117559008
117568776
125160562
117745492
117366646
117486739
160300149
138251508
120752851
118221897
117900032
117729471
117655600
117649065
117565056
117523443
117517146
117468656
117460525
117420160
117319504
156995432
117516574
117792895
117688624
117349404
39561946
26354588
39734025
39760383
39751292
33135401
39724397
39649619
46286443
39645439
40128605
141560495
112628088
39603701
39641679
142039259
141570227
141567091
121463081
120981829
107072497
92883127
32063539
59505900
46601560
46318371
46311118
46309502
46289923
46286289
46274306
40977872
40839246
40795046
40790915
40789557
40781426
40777989
40774656
40765095
40764721
40763873
39865686
39857838
39854798
39823845
39714984
39643771
39640472
39686086
100246456
39642148
39542152
46272993
127498104
127704728
127920457
140080569
127547831
127482017
142855477
127483527
127589125
140153891
127556001
134588062
128962969
129382019
140636185
130544000
129121721
128808559
127982756
128993975
128279933
140737114
127906533
127541774
127522186
139188206
139148917
139249877
139260696
139381064
139378283
139834711
139341190
139805744
139086316
139257282
139165228
139842933
139430019
139101240
140951536
140276192
139113182
139091144
139324848
139106765
139076688
139894182
139729320
139078623
139215927
139078298
145400201
139578574
139158733
139239053
139675686
139064961
139592254
139673546
139268650
139301576
139069644
139073987
139155191
139110284
139619169
139841718
140098516
139101962
139271679
139139739
139208268
139167400
139079898
139082551
139127716
139434784
139214139
139197108
139118410
139073020
139150511
139073860
140423760
139102004
139081910
139262240
140188694
139106960
139234436
146510589
141592844
139734670
139424465
139378963
139280356
139269079
139263481
139223676
139188663
139156787
139075542
139073327
139108256
139111967
139213985
139493883
139473620
139403293
139392684
139316811
139297336
139286794
139253756
139216314
139204809
139188507
139096895
139079773
139075137
139071360
139104053
139905487
139619040
139560666
139906004
139066051
139678091
183065836
144973723
141964283
141853468
141852977
141225242
141222059
141217676
140932276
140892609
140891152
140869131
140846909
140662765
140589965
140414877
140218518
140212048
140152583
140135904
140045009
140024199
139907649
139906642
139794118
139791289
139693253
139680229
139596299
139544065
139538637
139514988
139512862
139484533
139483566
139476714
139432901
139405716
139336819
139332668
139303907
139303259
139277490
139273709
139273512
139271414
139269867
139263666
139258122
139257927
139248940
139248278
139242378
139238068
139236742
139226841
139211158
139206278
139202609
139202417
139202159
139185444
139176341
139173752
139164835
139160619
139153785
139151286
139142478
139135073
139124018
139115733
139106617
139105080
139102331
139100517
139090143
139089777
139079525
139076572
139074401
139070902
142739606
140451030
139678139
139565838
139206591
139174815
139134137
139090698
139068961
139074909
139620179
139888868
139666080
139350041
139185957
139180590
139137939
139094048
139072740
139314531
139108966
139168125
139148068
139760583
139114872
26239398
26185217
30529756
26202576
62229878
30625041
66342721
26188218
26216771
26217686
26219705
82990020
72129482
26192680
46781357
26551379
30718949
108322061
73118645
124585485
26687824
26202210
74484172
71914156
71585415
26221893
151754551
151423579
141038085
131507511
131466208
131463438
131428205
129083005
128158092
125450245
124787476
122674157
120400649
120274932
119604244
119329936
119066037
118806446
117330722
115858913
115037553
114545092
113873740
113719091
112316502
109368102
107032563
106196084
105845056
30591236
30573441
30563995
30562476
30561438
30561254
30442050
26664689
26601639
26586050
26580075
26534349
26526806
26520879
26514554
26510202
26232825
26220373
26202565
26184364
129307361
46793425
42702792
42155886
36822969
105639193
30391493
26585669
26532601
26189257
26187915
108974170
109356212
109088678
108818430
154614826
108838341
109111561
109158453
109125084
108821393
109107430
109073398
108982551
109021421
108881783
109811569
108894374
108790674
108998565
108836195
109014740
109021664
108906884
108811736
108973553
109042602
108849343
109064719
108953056
108802375
108930895
108911450
111882265
109076564
108913057
109146956
108800998
108800470
108926934
108804535
109057859
108971277
109516696
108915235
108840858
109524784
109580620
108923863
108918463
109268861
108920321
109100955
109713545
108903840
108807052
110031809
108944328
109241445
108822546
108906573
109329275
109864479
109230181
108948527
108873908
138890645
120401053
116075769
112818410
112156273
112133679
110363883
110202828
109698671
109484651
109433853
109419433
109383721
109373692
109325152
109319528
109316660
109280710
109279860
109238946
109236134
109200591
109193260
109187464
109169372
109163899
109121871
109107350
109100911
109092221
109089835
109070732
109067480
109059285
109057840
109053104
109048744
109018271
109006958
109004588
108996884
108980222
108977464
108971885
108971543
108955348
108950825
108945064
108944399
108942562
108930354
108918220
108917667
108818738
108801972
122024283
109428913
108835402
108910387
110559562
142356228
142407454
141791467
141589002
141568039
142446961
141568692
141561068
143171714
141565209
141557815
141554609
141550899
150034048
143835802
142290664
142090445
141972974
141929208
141815009
141542371
141538291
127497295
138537727
152673089
138987072
138405665
139014778
138939292
139083518
139127074
138514334
154149739
139203183
157050692
153039556
138462653
139394098
142271283
139265495
139108872
138421563
138544244
154167397
140892046
139124273
138680862
139541587
139402943
139327782
175427644
168724454
158984358
154138936
153053065
153016754
153011193
152871392
152846427
148732837
142980230
142283602
141927014
141300485
141226890
141092920
139767099
139649999
139475037
139400703
139337258
139006366
138707546
153001341
139365868
138411161
138813918
138605068
140118107
139886230
142103134
142287179
142076491
144599679
142125062
142636191
142362067
141998399
93348775
100847924
86599108
86574860
86641899
86637495
86733409
107006716
86594389
86771827
86569586
86566756
86766461
86728116
86595385
86583794
86728433
86866742
86611026
101575415
88836278
86651406
86636228
136330153
86830894
86572491
86571746
86596562
86748824
121461606
88669428
86731147
86708878
86594233
86586323
86658724
100645945
86773276
86569485
86579979
134798645
134587271
118477656
101617401
101606172
101078990
99513478
93640293
93506989
87430339
87040615
86880713
86873268
86866721
86804600
86787857
86780822
86775198
86772713
86744415
86736259
86734562
86718914
86698678
86674254
86656193
86652643
86650903
86645595
86644445
86627574
86606136
86588203
86718213
86658889
86913684
86866798
86827403
86745915
86739277
86600323
86590157
86579104
86578988
86584534
86582740
86570949
86586447
128232544
152391036
128344505
128249750
127980177
128258872
127912761
152461021
128393766
152627389
152640422
128664863
128392189
128535745
152438418
128406980
128257150
152528677
128392054
128402094
128486072
154197487
128394321
128385590
152738546
128417881
153606834
128571032
128496729
128437165
128025329
128436512
128468243
128326539
128438806
128302694
127961514
152551242
128299705
152666085
152638039
128739515
128515800
128501402
128491926
128403340
128397914
128395206
127991263
144035990
171385994
157873257
157870249
153407777
152753529
152709345
152700551
152688374
152676091
152644583
152635555
152634356
152629826
152622222
152615010
152601650
152598488
152595218
152583316
152582899
152572543
152565787
152565091
152557261
152535963
152523967
152517536
152407973
149784994
143919645
142794380
141647622
141580091
128756546
128627530
128575498
128552627
128520763
128511237
128498182
128491614
128490146
128467113
128464156
128460630
128459642
128458804
128457370
128448797
128443521
128439953
128438380
128436649
128433090
128431009
128430263
128424845
128424038
128423605
128423443
128421729
128421199
128420171
128418486
128413930
128412920
128412502
128407728
128405694
128402654
128402620
128402194
128401419
128397449
128397234
128397194
128395539
128394279
128385490
128372706
128372456
128371650
128366163
128363223
128359098
128356810
128351419
128343888
128340184
128334993
128334164
128329877
128325095
128318344
128315350
128274756
128251524
128235645
127931379
132202197
129111417
128549202
128489694
128417077
128397054
128273125
128046303
127912054
152448608
128449459
128299348
127957907
60061334
60061773
60062297
60088962
60071030
112345350
60061326
102613399
98433883
98228009
97997877
97850091
60157793
60061015
60060945
95429558
95688799
95618299
95397643
95545023
95484359
95405904
107959198
95988437
95568858
95568367
95593521
95613836
95471954
95606125
95705672
95641242
95549109
95431033
95424018
95909173
95529947
126785714
95995077
95733125
95712645
43263784
28495406
71850252
23636140
43726204
37112508
46362588
37018561
101761264
123192262
115985984
92580129
85875529
23625394
123213963
110976523
77074721
74671060
47547444
186045336
176127386
143724511
140354931
132582614
107739893
98458283
98144799
94834253
89750625
88502321
88253766
87090926
124344001
123206817
47653571
46468255
43881028
43723935
43806866
74666649
83822818
81452730
78184585
43713113
43293305
43295336
43539566
43294953
43336243
43243937
42750004
46730784
75317506
68312708
43311632
55366933
48581037
44858184
48666034
43243479
46732844
43244255
43249175
43286926
56052543
43678765
46724499
43376164
46221238
45724842
47740297
45780587
43714017
43254780
46749395
43256508
118189456
93321440
120895212
75183676
57870868
56793455
55990212
54201400
54183664
48590290
48582478
47835279
47819301
47777366
47728426
46762188
46743534
46742740
46683735
46673725
46149957
45804852
43889470
43679832
43360010
43342391
43339039
43306962
43299383
43298681
43293146
43278481
43251658
43244241
55994331
122853194
122857220
143468871
184043031
122790576
128419783
122800902
122796679
122930870
122799046
122857034
122796284
122806935
122882889
122980694
122914741
143130190
122858277
128819124
143162114
126482137
122859151
167391777
126034754
123111040
144531618
143569092
134679340
122948642
122957560
122910672
164991249
156487198
155750980
153237385
149171705
147364114
144632438
143536543
143246329
143224612
138944087
137489533
134819626
134760518
134616640
134587501
134586064
132870057
131751278
128719173
128242688
123028194
122994360
122972531
122962394
122939515
122933591
122905245
122867518
122863163
122856746
122835601
122825484
122822717
122816895
122815268
122811600
122810149
122805759
122797384
122837319
122799901
134416509
123175195
122816671
138187761
135026609
132614330
132648048
136927709
132757798
132726641
134680722
132711566
134248929
133002513
166560237
132750688
142314019
132677392
132647595
161333982
159065940
135151943
164540912
142369039
142361289
142330613
142305382
137391056
135074937
135030198
134365403
132821055
135128388
132661075
135121495
132648400
141902352
141936802
141940831
142009975
141914634
141923152
141927087
141923154
142069566
141893791
142219299
142301102
142027983
141888123
141890755
142310661
141919628
142358201
141898721
141757410
142376291
142036121
142566748
141913214
141907019
142144677
142047069
141938563
141877183
132240347
142297721
142293186
142107531
142076625
142058528
141900138
141899141
128971679
141907879
148250518
147478105
144156765
142938956
142347612
185739936
172918714
158990591
152063996
151550245
149419912
148367586
143119664
143055658
142872407
142791092
142625235
142601665
142539418
142291536
142287095
142284306
142266825
142226491
142200793
142200438
142191429
142166932
142156244
142153590
142090043
142061969
142060169
142047261
142046441
142045890
142044668
142026179
142011777
141995371
141993063
141988322
141983633
141973327
141966787
141960083
141929711
141922311
141919727
141915291
141909208
141906867
141904378
141897412
141896157
174710375
146718354
144256331
144117841
142091169
142074945
141956434
145989139
141991578
141933014
141923719
141916905
141842131
141757639
141790101
141899269
81572117
81562486
81520355
81516462
81643543
84614216
81548579
81632893
81594600
81560974
81525274
151569210
151494935
151474183
151795287
151425994
151451778
151467046
151480810
151430353
151845505
151459118
151652829
151504368
151513794
151436992
153144799
151753405
151474898
153169763
151463338
151418686
152345177
151795297
151718657
151681005
151635070
151622636
151611941
151600873
151546287
151462746
151426408
151742516
151543487
151478158
151532264
151425219
151922951
151419884
151702742
78280495
130480829
130618128
130540329
80042900
85709013
104673805
78035633
119341860
84406124
87266418
77971016
121658261
105365370
105439222
104566076
130630915
102715879
83688828
147322211
148088305
147416787
146912140
147242177
147992841
147153058
147596130
147318124
149316070
148076283
147985501
147469335
147431658
147552811
141842060
141893848
141611865
159325983
141949349
141555041
141576559
142030043
141991991
141913261
141556394
141705840
141684909
164849679
159302885
159239050
148568887
147546369
144196876
142529038
142405358
142532130
135963679
135945839
136930065
136292319
136011096
136795476
136912345
135995536
136818884
136780940
136723166
136784683
104596287
124673889
140403775
126822933
174466486
138902978
164863888
119111425
135341346
135416808
162077751
159533094
159047780
159119966
158852308
158938623
158907558
159286271
158858837
159012630
159006111
159013444
160112144
158955209
159329629
159865717
159158095
159072849
159452525
159166752
158952033
158852816
160220784
158853218
159282158
159715094
159152296
158988911
159142635
158972657
159052773
159930643
159578942
159711593
159065664
178297380
173946648
163864107
159967029
159961832
159704154
159697277
159351518
159348614
159331789
159331456
159307977
159286852
159286221
159249303
159222714
159197605
159163343
159154324
159122747
159089749
159057525
159013411
158969068
174099539
159858012
159274234
159166925
159047688
159059162
160774966
159325873
159277268
159107987
164629838
161131631
159362415
159253088
159194424
159040156
158971625
158981953
158950858
158999197
158909719
159454984
141878897
141906369
69484963
89514259
142058775
142066334
74697033
142056868
142913915
142382107
141811783
160348332
142744688
142216805
141829165
141814095
141806410
159667062
159626480
159527196
159500083
159492029
151348792
144069709
143211905
142984725
142592479
142299512
142129289
142128169
142086907
142084654
142047299
142043402
142035102
141999805
141920655
141880083
141876658
141832012
141831714
141804073
141798796
89693697
141911424
76054981
142486171
142259129
141873995
111128904
91421609
86482772
69483284
69482375
141805268
142000410
69481700
141422842
141360841
141630318
140559820
141460412
141348447
148639596
142098871
141711797
141685026
159387891
159357909
159325529
146600379
144184162
142302381
142286440
142282688
142282063
142268634
141269612
142286875
141407396
141725125
141303808
141289131
149335937
149464847
149581413
148703608
149557449
149516366
149252532
149839648
149453647
149339478
149314705
149457960
149401717
170003217
157102039
154806430
151329770
151145285
151018038
150448815
149933327
149805605
149803219
149717242
149705140
149658685
149619692
149556536
149522303
149510905
149507840
149480141
149453889
149440527
149406142
149311266
148003880
149697055
149679573
149563244
149562441
149823309
149276253
149406201
123018208
122922294
122955701
123210107
122717660
123058706
122718851
123119154
123063444
123065134
123062149
123217250
123024227
124561818
122758346
122804596
132635030
123612763
123055333
123401537
123021706
123056600
123155382
126145065
125578146
124848939
123209023
118636187
116160876
116233859
116025916
116103886
116444764
116106250
118919922
119411126
118960514
118748227
116191197
116230261
108780829
108857983
109021573
108890237
109208160
108784009
108822630
108838360
108795498
108921262
108809342
108871992
108807864
108833703
108911986
108808703
109100474
108785195
108909605
109023946
108813030
108796216
108780845
108818289
108798313
108907473
108874213
108809007
108780649
111849747
109473124
108921207
108797167
108809811
123377314
109316462
109227330
109226545
109074621
109055911
109048871
109031994
108959025
108954506
108945130
108926744
108916524
108911818
108901235
108838264
108821179
108781425
108782379
108876591
108811089
108777442
108783618
133930353
128700923
128397690
128790410
133867252
128086505
133874791
128350262
133963527
130150040
128464977
128240528
133897189
129894407
130230334
128455508
128081640
132900259
140605750
134041765
134001610
133945052
133939313
133924409
128533764
128403389
128884212
129986989
128979138
128431183
69787340
69456468
69522177
75719961
114451441
69471339
70921783
70016323
69920415
159631048
159431380
69435698
70071735
69903212
69429158
69425838
68653293
75567869
68707888
68611269
149633385
68638358
121280682
68647285
71814115
128936437
112449769
68652090
136722059
132712865
155299554
155072376
155104508
155157666
155732554
155343800
155896552
155733175
154796808
154795160
56249304
55976177
140589762
140599176
55972940
142390062
67786066
56049221
56607428
55904409
174590353
56438039
56417970
134660521
128516266
56406232
55977837
102159993
56435982
56049685
164596810
162415002
142859819
142535622
142269722
141654816
138381822
133222019
133210497
124520238
122011754
88439481
141901485
56624531
56548250
56490110
56479657
56433578
56399903
55998284
55971942
55966618
55961089
55606510
56410862
55985322
56799414
107477727
107518945
108045072
107790841
108556125
107567605
108037051
107575470
107758289
172062378
108078901
107783356
107829042
128316215
108068031
107732676
107590425
107570709
107553512
132712602
108172693
107578960
107564659
107505171
139792839
140326825
140024335
139142756
139178483
140399962
139166763
145903104
144549812
144506002
144495161
144451734
142444861
141282243
139796989
139162110
141503104
141427297
141383154
30772611
167585525
141438244
31317480
141967782
167670012
141353008
141269141
137488752
149170984
146118794
141535358
141289481
134763366
102374577
79905328
104092196
104098414
104071405
104105110
126861566
104569022
104081904
104087199
106739273
107193474
104304476
107001489
126831422
127424143
126841772
126830389
106448324
104815872
104727594
142220312
154613774
142478174
143862998
142509730
144034772
142888101
142714307
147770402
144244621
132473558
132486608
132481704
132491610
132530029
132966710
132480998
132535492
150020335
132484675
132482819
131367503
131211830
130933098
131228963
130977408
130921010
155571905
131039186
131028040
131054848
132017114
130925725
131049600
141949309
131420206
131102814
131088987
131034889
130970944
184244183
151350625
135957481
132362106
131241597
131230651
131157033
131130389
131097849
131083831
131076976
131062401
131059494
131045770
152223660
131050072
130999335
131171584
130926714
126834336
85011252
33315426
103522321
100974273
78682006
151864289
129454098
126986041
108758992
101975653
54146881
146780106
148391093
145478930
145418417
145383485
149981040
177451877
147245065
145826437
145395802
145373387
146820354
145366055
34275809
34276817
34415338
34981671
34297628
34298122
39875800
38979277
88805799
38872587
34385834
34276254
38884998
34273607
35265302
89068602
38893113
81244943
81251879
34276829
38894048
44715670
39327585
38875117
34414681
141136336
131278819
129162302
111192824
108257447
90196156
88926361
88899979
88830388
85847144
84872381
84871152
79061070
70848309
54056755
40409449
38932919
38895480
38880244
38877147
38876682
38871629
38865416
34389196
34273552
141361131
141270293
149173338
142978477
142752048
142559946
142550578
141540227
141536950
141407749
141345134
141303517
141328750
166523057
166622109
166080656
165710258
165773751
166746653
166027740
166100120
165821489
165654609
121919899
108952496
122772154
108820622
109021009
108820862
109653540
108850893
109403650
108919010
108848894
109608025
109153716
108871852
167686508
124349706
122301714
114235319
109078929
108855773
109079045
108776457
108878632
141534843
141842123
149801195
141836087
141941953
141836579
141790167
141719227
141684852
141668490
141622666
141578987
141511186
141473345
141434057
141418810
141415160
141406514
141406182
142657096
141896984
141873056
141887970
77017351
77196251
77177427
77071480
78091425
77209788
92836314
77054570
92973124
141284482
131933900
103510040
77255532
77163505
77075647
77154432
77072739
77192630
77215208
92531848
92563887
92988681
92558736
101941287
155288038
128399066
92877050
92587206
92566112
92611409
92513272
142477029
107832048
103635117
103631342
142990497
103633760
145128557
142378645
141534725
133752904
157836141
149142044
142397027
137358481
108355350
142711332
103654260
95586296
155093875
168648290
92288761
103858065
155383702
168599635
161934061
157615243
152730408
99745567
178701675
116587867
115914843
116320963
116201499
115780792
116651458
115804406
122051763
117602550
117224211
115798941
115714892
137771373
115689523
115810701
57764552
20737680
38336770
20591827
20593223
20670660
20627964
20597862
20613259
68315174
20625943
20657399
20589866
110365171
158159921
146512239
121462233
120901646
81608777
38374238
24161304
20658230
20636795
20622374
20620800
57348991
56300430
95216421
94733198
100294951
98008808
113060064
100592259
95044587
172983298
119040795
111725396
105094003
100025545
99094102
172852095
123524443
140034451
140877734
140608463
139825387
139403940
140730269
139518545
139300444
145205607
144525181
141737939
141585627
140186950
139609260
139544199
139463759
140732749
158206111
158432855
136569028
14306059
14311824
159301585
137819708
159272501
17205834
103140834
158438016
157983549
120566281
14304750
128525877
18601095
138744340
163392085
158995129
137971936
93048398
80355608
48907339
14307517
34881498
173632591
159099750
159024343
158992741
158978200
158976020
158974415
158612123
158314161
158071952
157968495
157938360
157841479
157838383
157805501
138054700
137834927
137809118
137357825
128359599
122758061
99480747
32877050
22163847
69267428
55035652
14301498
14312083
19640484
28623329
40558153
17865243
96801994
51492184
44039540
23095958
17866262
129941763
99793756
51827674
28644997
166719011
166895107
166722365
170756568
167112978
166725127
166724640
166904320
166724771
167613218
134052770
73642845
154092921
91874561
88921439
121814647
73614152
73554039
76219411
117628354
73760795
87299842
73536696
73562296
110537483
94541573
88077993
171015336
160561682
151754234
144073251
143842542
142750077
138753253
123619035
85648929
83517484
79885762
79276115
79050418
73811536
73767475
73765404
73700193
73597281
73552247
73539581
37324035
37494295
37486479
37329056
37320848
37325144
79173411
50737135
42903407
37543551
37541544
37494924
37490660
37462391
37457296
37355038
37320866
122511888
123054428
122848939
122493579
122510730
122544798
122517043
122841556
123028636
122860433
122485722
122967507
134830805
123146508
122981891
122715148
122635343
182645285
156626905
152379699
139697691
136785029
136507270
136068378
135860053
135633503
123010618
122971543
122519916
122512743
122501064
122492257
158655883
129927067
153969149
50874554
50946112
50870584
51083330
50874605
66978001
57320753
76642008
50879929
50894102
50896107
50947412
50871247
88764447
50969760
69919246
35107678
148100448
148138724
75815328
17248336
24308229
14740447
186389792
174670228
64767766
164190631
164139752
164133370
164237382
164748025
164607471
164413838
164096310
185103858
175641083
167560323
167280639
167029515
165526915
164764652
164341658
164288258
164238857
164235448
164077652
164058207
43255064
104158946
43249408
43245278
43243457
43292607
43245486
43245659
43252420
43248704
43246081
43244420
43414924
43361295
43294036
43291292
43290257
43288683
43282632
43249583
43247923
43250391
43287818
43251791
43243944
43245152
43252522
43247212
26201777
26209769
61248004
96641827
26225529
46438223
30682383
121462381
120592017
54638360
37643807
155504812
155807806
171776299
157709139
155749653
158032793
155496649
155430842
155548330
155896146
102492280
102594426
151476210
102915349
102781541
103027526
102828565
93562420
120709142
97117273
93650854
160493843
160472207
160714655
172631530
167216771
162283153
161328604
164260331
163299987
162723124
160482478
160623469
172054292
43312674
43305042
43246496
108557107
43243323
43274454
43242451
43274499
142061755
134763831
108874083
98184149
94175307
86084721
43317223
43250767
43244819
43246246
161145320
161087323
161036239
161399790
161158267
161056204
161028976
161322713
161314228
161050513
175668420
180189199
161882830
165078060
161042187
161465636
167116315
161237451
161125776
161041711
175649286
174948465
169112727
168948785
168407335
165007441
164846075
164798452
164352996
163347888
163212933
161371201
161357413
161326893
161151099
161112416
161054561
161044994
161029087
161027479
161824230
161419680
163223826
140318794
81402608
88849397
83231174
87047108
97007965
81071319
97007081
103933375
81082800
81059521
100897369
83347182
179178479
161584076
153855303
145200724
141354578
140782964
126121682
119892381
109847096
108843088
96484914
90195305
89380576
158124615
151493154
82595563
81070520
141695395
141758685
142010469
141757240
141705255
144151369
141660772
141684729
141659158
141657216
141651632
141639320
141636955
141633483
141703993
141637330
163517356
134660214
134395728
134619991
152390660
151695723
134453371
161223244
134852762
134761557
134453970
134387365
150212625
150029579
150034159
150091591
150036319
150439289
150099051
150018098
150283606
150022206
150342477
150046343
150376872
150190310
150111154
150023015
156765025
150055266
151443402
150195051
152106482
150232208
151067272
150372619
150264923
150208064
150127439
150111753
150111280
150083047
150063159
150207990
150354401
150047754
141995576
141548417
141612676
141543610
155695405
144557459
142074198
141540430
141749793
141702961
142760783
154304769
149169277
154520600
142298151
142353461
145718848
142295282
141405510
142336406
154310748
142320521
142296951
142797688
142329325
177128940
154375380
142412846
142385199
142360065
142349359
142335184
142332154
142296617
142292457
142305971
142342343
142325097
142301315
142302920
142369847
142296357
76946379
76867390
99441830
139542707
77246603
77155521
78597758
119315592
77399038
134548290
76858028
77254062
128188073
127940238
128360021
128010732
128394029
129193952
128207505
128361973
128058946
128057499
128019006
26239625
26535948
26350166
26536103
26408189
26376976
26362239
26330832
26256241
26202969
26197403
26202302
85534660
81258842
81188658
146443136
80369545
85541528
104853146
81123228
85542251
80433430
85692782
178365282
175117292
163003744
154472371
148932627
124390181
85642615
91530450
157944866
153969316
154040182
154270809
154295266
181909906
172920092
154300858
154278350
154207112
154203104
154191105
154122735
166226772
148044058
148303891
148245173
148250626
148128589
148039928
148040477
148118058
148045897
167926439
148136786
148120838
148103037
148042744
148045007
172236847
151115375
148041958
148150908
148044131
148088524
148060290
148358684
148098349
148037830
148231125
148082014
148097133
165177775
175610606
148048602
165237144
148040633
169879695
167974576
148881976
148474168
148176066
148160407
148147211
148102374
148100452
148051493
148050406
148863332
142783668
141913489
149633486
164923767
145568072
164779557
141896446
165639048
151458656
150179104
146127437
144488654
142288025
142044019
